2500
  676.6365
  231.0116
  613.7357
   55.8054
  924.2775
  335.4130
  289.3393
  927.9614
  250.0629
  809.0115
   55.6114
  661.8633
  939.9633
  966.3878
   79.1192
  759.9149
  891.1498
  554.3868
  583.5016
  912.4868
  167.4075
  621.6197
  564.6348
  817.5881
  204.6857
  154.3949
  916.5952
  217.8044
  640.3959
  134.0332
  697.7208
  593.7190
  636.0202
  591.9969
  695.4136
  818.2542
  400.0251
  224.9732
  128.2036
  720.1161
  993.8934
  367.5449
  327.6093
  132.0694
  689.8987
  130.6961
  611.1879
  239.5079
  412.8864
  384.4869
   72.5160
  777.4751
   26.4380
  345.7852
  613.0507
  546.5190
  346.8657
  771.9102
  495.6355
  149.5023
  687.7508
   31.3878
  538.0084
  311.9609
  130.4364
  248.2767
  789.5165
  403.1596
  905.9944
   50.0464
  132.5872
  393.5492
  384.1255
    0.7639
  840.6691
  128.2418
  362.8881
   60.8957
  477.0513
  804.2941
  772.5107
  588.9127
  857.9812
   91.5198
  174.0229
  805.7372
   26.6089
  219.7375
  130.3859
  399.3034
   96.4098
  360.2292
  374.2838
  591.2008
  315.8910
  181.7608
  855.0985
  643.8444
   94.0890
  356.8840
  152.5116
  264.0109
  232.7897
  499.9709
   14.3385
  988.3256
  789.5336
  695.3885
  395.4659
  597.1718
  669.8630
  389.4269
  101.1839
  599.6888
  970.3324
  376.7395
  860.9295
  644.9671
  964.9680
  219.3525
  660.5456
  792.9037
  333.5002
  138.3717
  616.5979
  162.7207
  848.9158
  728.5378
  536.6929
  198.1711
  664.6865
  385.7539
  367.9102
  468.2570
  996.0244
  181.7462
  610.7047
  113.3339
  806.6928
   89.2146
  429.9889
  825.4993
  170.5592
  591.4574
  625.4735
  333.2641
  170.1600
  880.3380
  840.6029
   13.8764
  223.3856
  441.4897
  119.3674
  208.4279
   49.8061
   94.1885
   26.4051
  793.4783
  991.3416
  478.9317
  407.0558
  387.9659
  545.8564
  210.9361
  204.6814
   84.0280
  260.3421
  570.3525
  917.0596
   23.8016
   35.6765
  615.5746
  963.3508
   38.0120
  871.5861
  751.0755
  327.4238
   15.5463
  290.3578
   46.5555
  459.4550
   63.4325
  113.2171
  841.9532
  711.3411
  514.2996
  837.7311
  750.5121
  858.3624
  497.9744
  455.8766
  921.1423
  641.0480
   95.5677
  208.4162
  851.9321
  424.2906
   57.0440
  742.1927
   37.2779
  533.8237
  978.0240
  651.3293
  894.8276
  370.4481
  121.6564
  679.8930
  963.4962
  483.6822
  246.5408
  613.8134
  365.7987
  982.3325
   65.4528
   65.7210
  573.6940
   76.5889
  230.9625
  789.6502
  652.8652
  706.2717
  311.1219
   30.3087
  401.4778
  640.1539
   69.7839
  861.2623
  238.6923
  705.2121
  500.0744
  752.0352
  454.9649
  594.8260
  242.8296
  237.9558
  324.2715
   33.0458
  401.3779
  961.4682
  398.0675
  320.0994
  913.2459
  927.6922
  725.2397
  105.2585
   82.9790
  629.4417
   28.8863
  493.8528
  187.2103
  444.9928
  994.8189
  921.9058
  473.8987
  817.5593
  721.5874
  721.3461
  666.8720
  121.1112
  517.1320
  440.3386
  774.6956
  311.3408
  706.7771
  803.6091
  262.6765
  803.8557
  402.1056
  192.3068
  101.8572
  916.2822
  955.8625
  181.6046
  229.7351
  161.2740
  533.1536
  711.4802
  849.9543
  185.9980
   69.2360
  651.8328
  355.7041
  321.6894
  634.1376
  953.9619
  239.1472
  348.1233
  910.9256
  929.8725
  369.1459
  235.4259
  806.8709
   81.3215
  773.3116
   51.8332
  161.1450
  366.7596
  130.9576
    7.5336
  618.9306
  368.5496
  216.3429
   76.6237
  816.0071
  633.9274
  417.5153
  179.5833
  260.4203
  886.3644
  127.6736
  814.3339
  514.0095
  959.3127
  169.4911
  637.2733
  652.5924
  121.0134
  872.5693
  273.3784
  672.7374
  700.4695
  794.4124
  690.8269
  730.4266
  282.0353
  169.0509
  239.3899
  426.8122
  434.6032
  376.7185
  509.4473
  282.9015
  729.9483
  241.9279
   83.9136
  335.8457
  559.7858
  323.9372
  415.0119
  104.7640
  770.6156
  739.2683
  882.9990
  564.6873
  702.6565
  550.0712
   49.0713
  742.7142
  799.1488
  296.8593
  315.5916
  150.8219
  865.6621
  186.2364
   74.9361
  454.0980
   27.3154
   90.8606
   94.3573
  863.6675
  661.6626
  566.3755
   76.6573
  382.5657
  785.9487
  442.3943
  321.2836
  813.5037
  560.8218
  734.4861
  510.0529
  460.1245
  312.7427
  268.3825
  707.8636
   64.9626
  830.6666
   13.7918
  800.0741
  847.8002
  979.8677
  636.7862
  467.2432
  957.6037
  445.4558
  777.2038
  467.6797
  294.1830
  335.7413
  807.1253
  357.0471
  892.3435
  618.2706
  277.1678
  362.2043
  570.5099
  563.3976
   27.6442
  618.8755
  443.3320
   82.1042
  926.6443
  114.7115
  956.6548
  500.4258
  659.1437
  231.3216
  823.8592
  602.9015
  965.7374
  149.3363
  898.0260
  123.7288
  509.7015
  555.1367
  183.1264
  808.3918
  641.9775
  717.1025
  343.5411
  897.9025
   50.0617
  388.8929
  124.5732
  702.8222
  333.9343
  434.9272
  822.6349
   27.0245
  201.5085
  755.0461
   61.9433
   82.0465
  955.6816
  142.1010
  293.5674
  989.1090
  957.3686
  497.7882
  327.6377
  609.5326
  415.7400
  344.5873
  479.7864
  770.3607
  455.9667
  435.3883
  572.2978
  613.3060
  835.9406
  657.0266
  647.6614
  249.3892
  487.6125
  305.8794
  915.3304
  959.9767
  330.9970
   69.9935
  382.3929
  878.8047
   73.2994
  946.3275
  928.7503
  506.6488
  249.9287
  552.1369
  766.7200
  266.3126
  918.7209
  943.6696
  256.4762
  598.0262
   30.4759
  208.4286
   62.4850
  185.4053
  107.0271
  806.6919
   74.2662
  192.8136
  619.3340
  148.8073
    6.0339
  413.4276
  478.0471
  538.5506
  424.2027
  577.1716
  524.9086
  138.1149
  297.6787
   86.6363
   96.7050
  322.4368
  198.8647
  322.8695
  469.5854
  322.6678
   80.7204
  671.1752
  442.5781
  412.1516
   32.1753
  770.7164
  431.0865
  275.1241
   11.5809
  643.0242
  311.0154
  237.4206
  330.3566
  306.1295
  121.6125
  944.2144
  411.4108
  583.3957
  134.1400
  493.4966
  202.2839
  788.4085
  782.0671
  203.5723
  441.4756
  881.3047
   91.9881
   47.1156
  874.4755
  312.5775
  492.9485
  988.2054
  771.9741
  568.9831
  899.4572
  179.6634
  603.7305
  900.7836
  469.5699
   64.3272
  149.8716
  895.0948
  860.3735
  298.4118
  408.3936
  874.9797
  785.6476
  380.0638
  733.7789
  622.9484
  895.9899
  902.3109
  139.5602
  591.0184
  247.9308
  974.1953
  301.9822
  416.1799
  738.7219
  698.9658
  521.8217
  258.4043
    3.8126
   80.6835
   49.4561
  212.2259
  880.9617
  324.3453
  274.1435
  532.2840
   97.8565
  677.3376
   15.8410
  242.0547
  215.8868
  413.1758
  249.9998
  747.7243
    5.3880
  557.7524
  147.4740
  597.9257
  337.6165
  321.7778
  120.0833
  244.5698
  488.0404
  496.7709
  229.6896
  396.8256
  448.1588
  206.0294
  739.6686
  613.3165
   11.7521
  521.8995
  565.6192
  365.9527
  570.8337
    5.0409
  725.5891
  976.9764
   45.4578
   11.2078
  373.0616
   48.1868
  878.8345
  574.2185
  890.9199
  691.7920
  949.6925
  484.1919
  815.8987
  810.3364
  323.6511
  605.8800
   27.7812
  923.4438
  323.5042
  136.4884
  961.7908
  820.9744
  116.5793
  352.2055
  521.4023
  209.5771
  363.3838
  391.6433
  349.4892
  867.0833
   70.8361
  543.7072
   88.0313
  545.0709
    6.4347
  147.7444
  140.9216
  472.1134
  809.9683
  138.1114
  241.1723
  383.8058
  626.2786
  868.4845
  619.4108
  437.5441
  807.4562
  919.4121
  560.6703
  188.4666
  557.5786
  225.9452
  462.3763
  160.0783
  438.0815
  839.7281
  313.0279
   62.1197
   50.0169
  636.4658
   81.6212
  807.1463
  710.2511
  192.7223
   86.4613
  157.6216
  147.6288
  198.5891
  686.9276
  192.3165
  265.6710
  133.7256
  530.8614
  187.5157
  580.7814
  196.0030
  224.0155
   28.8689
  203.0251
  243.0029
  151.2198
  555.9166
  291.3637
  950.5348
  639.6208
  108.7086
   66.9053
  478.8589
  183.9116
    4.7460
  768.0771
   75.0685
  676.9827
   47.5926
  892.4968
  198.0767
   78.2735
  544.5594
  413.4960
  627.8658
  544.2336
  935.7183
  619.9531
  556.3600
  745.9333
  904.5143
  175.3795
  607.4648
  663.9368
  790.0812
  898.5882
  574.3747
  518.8582
  450.2947
  104.7792
   25.4891
  398.8769
  925.9214
  964.8835
  800.5102
  174.9332
  104.0430
  651.0837
  765.9013
  505.7085
  444.2473
  464.3946
   83.1237
   61.5878
  106.5431
  670.5942
  678.1571
  789.9926
  408.4396
  647.9745
  509.9068
    6.5262
  690.0087
  977.4532
   56.9050
  404.9651
  249.9158
  338.4302
  995.8770
  707.3848
   18.2185
  201.4847
  356.9343
  997.7360
  950.5170
  340.7710
  338.2683
  277.6773
  923.5714
  466.9511
   48.2161
  369.4070
  625.8547
  743.7258
  799.3612
  865.6680
  283.9093
  666.5323
  408.5190
  980.9618
   25.9833
  705.0026
  980.4778
  893.3292
  185.5204
   43.9987
  488.4930
  102.2720
  889.9138
  781.2228
   14.7092
  219.2347
  678.7994
  583.4167
  487.4458
  503.8669
  493.3438
  631.3138
  493.4657
  678.1206
  176.5852
  871.2184
  569.6368
  888.5172
  308.7597
  325.8619
  761.5681
  676.9910
  190.5649
  824.8107
  596.1027
  698.8835
  136.4524
  359.9117
   38.9149
   44.8813
  322.4602
  589.7763
  372.3116
  444.2184
  979.4572
  738.6946
  244.6139
  227.0689
  347.0297
  529.0540
  811.4827
  592.8531
   84.0762
   68.6886
  450.8009
  612.7627
  702.6772
  899.7924
  815.1345
  966.5365
  580.2939
    0.8631
  506.8326
  339.4973
  935.5354
  546.1311
  826.9913
  244.4305
  147.9013
  777.3516
  949.1162
  796.8295
  314.8019
  876.6031
   70.1082
  310.9198
  631.3322
  803.1628
  759.9354
  234.7899
  115.5887
  701.9885
  322.4792
  911.2680
  681.5729
  199.6434
  409.5764
  751.2731
  650.0699
  725.8136
  751.8692
  666.8129
  126.2622
   91.1922
  669.8079
  463.1762
  603.9572
  709.8069
  727.2191
  374.1918
   41.2276
  914.6383
  325.7267
  489.7218
  756.3112
  322.0327
  405.8659
  389.6594
    7.3171
  978.2131
  831.0344
  198.9322
  456.3546
  955.9042
  885.8759
  920.6767
  817.4023
   82.5748
  836.8733
  330.2545
  589.8771
   68.5129
  497.5047
  565.3312
  523.1364
  355.2110
   32.5625
  279.6571
  200.2761
   42.2232
  649.4975
  105.8283
  659.5905
  739.2986
  391.7050
  389.3788
  292.9938
  349.9961
  386.7359
  870.8663
  652.1583
  824.5909
  902.6747
  254.3652
  117.1970
  731.0042
  991.4682
  606.7102
  980.1317
   73.7271
  133.1727
  238.0731
  295.5461
  244.9720
  247.5112
  922.0965
  678.7577
  884.1150
  322.9997
  657.1181
  186.7561
  813.1166
   52.2487
  147.5728
  256.4037
  378.7642
  889.9987
  210.8891
  417.0826
  910.2559
  674.3483
  772.9766
  418.8900
  285.0447
  747.7684
  743.6571
  648.8457
  153.1219
  523.5200
  803.8888
  960.7833
  885.7756
  232.1768
  197.2992
   12.3379
  364.1615
  462.6191
  240.2229
  427.7875
  829.1640
  762.2540
  204.3016
  699.5029
  547.3707
  661.0601
  440.2905
  961.7705
  481.2863
  981.9605
  814.4064
  729.7263
  513.1717
  877.8195
  514.1656
  584.1830
  365.1807
  595.0735
  403.0378
  859.2346
  156.1534
  473.1214
  752.3985
  563.4303
  575.3961
  685.5922
  748.6217
   87.5373
  240.0565
  630.2443
  515.2545
  884.2302
  255.9955
  517.7226
  367.2585
  515.9497
  568.3810
  782.2079
  570.9393
  780.8597
  912.7944
  335.7932
  677.6915
  962.9111
  650.3577
  565.6953
  640.8215
  287.2956
  578.3947
   80.1785
  563.3476
  183.1555
  296.9215
  362.2510
  356.9193
  743.4258
  761.6291
  701.4315
  960.8817
  539.0649
   63.7708
  799.1917
   18.1062
  311.9958
  714.8940
  227.2198
  883.7672
  477.7114
  897.7499
  484.1631
  330.4367
  652.8754
  881.1207
  996.8469
    8.8120
  104.0752
  193.0051
  836.9658
  885.0331
  755.3320
  866.2147
  474.0627
  571.9483
  736.1331
  191.6234
  618.3508
  624.3444
  356.2908
  181.4353
  386.5562
  850.5218
  720.4957
  374.2547
  102.4129
  254.8702
  606.9684
  319.7594
  198.7991
  217.0661
  232.4231
  335.4843
  486.2807
  922.6668
  261.2233
  384.2373
  878.5994
  622.9429
  802.4332
  499.5913
  633.5387
  887.3412
  548.3746
  536.0818
  930.6400
  267.3545
  429.4865
  380.0879
  137.9874
  155.0927
  644.0651
  805.6743
  969.0709
  176.1146
  961.2243
  300.2274
  923.4543
  500.1767
  470.5179
  996.3341
  389.0524
  804.1968
  136.8778
  506.5687
  901.6957
  800.4492
  149.0762
  525.3866
  172.2663
  282.5591
  974.5302
  930.9809
  997.2350
  532.6307
  926.5997
  365.8218
  368.7830
  138.3557
  345.3202
  799.9081
   57.2379
  997.6652
  758.7097
  634.8546
    4.1990
  576.9379
  595.8910
  143.0979
   47.0142
  171.4575
  689.8775
  774.8389
  719.4989
  621.1130
   50.0381
  990.9689
  217.2728
  705.8206
  726.6266
  417.5081
   61.7652
   90.5576
    3.8440
  608.5878
  536.3419
  302.4185
  749.6603
  540.0433
  509.1798
  785.7368
  880.7387
  578.5041
  921.0579
  224.1855
  889.0157
  687.7020
  207.9990
  841.9313
  342.8287
  926.0073
  405.5305
  750.4003
  980.2215
  585.7267
  313.0777
  897.0837
  290.4828
  145.8695
  629.5955
  612.6368
  590.0037
  194.6478
  447.6452
  573.9746
  793.9250
  501.2281
  141.9978
  561.2319
  625.8547
  741.7221
  125.6874
  430.7055
  869.4756
  278.1193
  354.9673
  937.5400
  236.6159
  805.1226
  699.0964
  716.7974
  214.9291
  316.8702
  638.0327
  416.0936
  286.6642
  966.9805
   43.9734
   64.8282
  567.1866
  707.0074
  673.6314
  725.8463
  301.6012
   12.5899
  599.6985
  135.1087
  773.3309
  375.3831
   64.8446
  846.3845
  186.0616
  137.8953
  610.6527
  240.0286
  162.6029
  869.3373
  955.0183
  993.3129
  609.7529
  117.9571
  506.0415
   43.8187
  463.3665
  801.0211
  764.7257
  745.7304
  494.4322
  924.9432
  523.2939
    4.4057
   47.6978
  658.7990
  435.3316
  621.0184
  458.2329
  520.2384
  650.7916
  855.4885
  198.2095
  308.6009
  657.2733
  795.7938
  907.8610
  420.4824
   48.8014
  206.5036
  707.9144
  918.4830
  947.2280
   63.4143
  807.5114
  844.4106
   11.8511
  181.4966
  416.6706
  985.7349
  248.6084
  363.2686
  458.9684
  881.9339
  666.3992
  172.6584
  871.0315
  430.7227
  159.3642
  437.7923
  976.1014
  338.4264
  935.0896
   53.3843
  231.6811
  865.9100
  353.8015
  341.7358
  554.9829
  598.5150
  243.0842
  517.9546
  262.9356
  159.9891
  940.3727
  847.8246
  389.3354
  562.3240
  982.0950
   73.8556
  294.5499
  502.8734
  794.9555
  817.3049
  444.3984
    4.7481
  802.2392
  237.5138
  894.2139
   55.4185
  421.4883
  954.9250
  428.0233
  789.0486
  542.3074
  562.3567
  530.8018
  188.1824
  783.6890
  463.6226
  105.9704
   45.8584
  742.4412
  210.0477
  273.2525
  556.4480
  224.8666
  337.2643
  401.9041
  805.5942
  623.2562
   69.6034
  825.6249
  282.1920
  802.0764
  497.4549
  725.3583
   98.4862
  258.4012
  948.5037
  503.1347
  186.6443
  931.7434
  814.8949
  939.7755
  809.8407
  995.3298
  510.1566
  202.6420
  806.6595
  526.5534
  783.7858
   92.0708
  436.6250
  356.4579
  992.6908
  154.6705
  549.0701
  223.8331
  964.2350
  899.0195
  822.1483
  849.8616
  626.6251
  691.0997
  313.8068
  151.5188
  580.7040
  892.0987
  502.3596
  159.7700
  256.4461
   90.1811
  674.9410
  734.6768
  714.0746
  452.1367
   64.3854
  128.5903
  221.6532
  328.3353
  332.0093
   82.5009
  597.0669
  903.0836
  128.3669
  466.5143
  708.3574
  364.7883
  997.3035
  679.9529
  971.7283
  839.2396
  102.1726
  217.0587
  105.1583
  399.5114
  588.1364
  812.8715
  933.1758
  888.9084
  886.0953
  603.7819
  763.5779
  458.4105
  506.2566
  657.7151
  220.8817
  358.9926
  590.9924
  812.5107
  869.3519
  199.8818
  416.0905
  233.4683
  904.6345
  194.5984
  619.8814
  348.2740
  441.4179
  911.3751
  482.3658
  123.9307
  904.9761
  936.0778
  662.0278
  701.8735
  388.7477
  686.1112
  474.1704
  383.6980
  813.3237
  534.4744
  913.3401
  510.4346
  875.2115
  680.7769
  816.4580
  213.3980
  583.0557
  420.6791
  356.6320
  915.7379
  808.5508
  314.0409
   85.6547
  601.4342
  308.6436
  374.7244
  996.3705
    3.3519
  336.7260
  354.2220
  414.0735
  334.9273
  125.9432
  728.0474
  295.8782
  826.4568
  262.6545
  436.0945
  441.4408
  298.2168
  132.1580
  183.7962
   63.6969
  555.0885
  376.6894
   23.1638
  313.9732
  948.8589
  474.6308
  124.3842
  525.7623
  489.6021
  743.6194
   12.1315
  896.3676
  252.5330
  322.4061
  682.1835
  461.1719
  917.4247
  158.2584
  853.2410
  423.6121
  651.1049
  121.2733
  242.0547
  215.1122
  390.9349
  445.0729
  341.3613
  261.4315
  880.7931
  490.0570
  390.3186
   87.2722
  787.1809
  153.3778
  822.3491
  222.4712
   74.1320
  936.9879
  956.5062
    4.3697
  443.9092
  781.5192
  995.9349
  680.6407
  531.4009
  256.9318
  252.7399
  800.3116
  839.0920
  621.0649
  238.9991
  861.5215
  593.3390
  251.2994
  590.5809
  895.9882
  875.2315
   18.8134
  196.6035
  318.4743
  599.5538
  703.1975
  641.8078
  866.8015
  333.4017
  484.4017
  341.2163
  823.1652
  940.5859
  429.9538
  234.9684
  118.2928
  147.4764
  638.4191
  914.1324
  823.7147
  175.8661
  782.2563
  382.8704
  905.6151
  675.7347
   76.4294
  549.2025
  445.7784
  199.9776
   28.0173
  887.8522
  132.3991
  234.4196
  892.8661
  401.2492
  797.6179
  567.3260
   49.4082
  407.4716
  376.3580
  451.4854
  115.6783
  208.3297
  400.5632
  267.6308
   72.4642
  909.8282
  484.1690
  428.5560
  742.1255
  905.0450
   93.5509
  311.6674
  195.3940
  991.3585
  763.9210
  224.0732
    0.1683
  831.7602
  397.1193
  384.4924
  166.6827
  440.1422
  469.6746
  824.1725
  868.4514
   63.4489
  387.6879
  872.1835
  789.9907
  374.4264
  984.7472
  649.1766
  713.0530
  283.5948
  380.8293
  601.0029
   58.9056
   27.7362
  163.1043
  295.8484
  323.8318
  642.8244
  951.0925
   12.6684
  920.6958
  135.2937
  884.4536
   13.8502
  781.3129
  529.5265
  752.7432
  355.7263
  692.4009
  184.5486
  711.2582
  119.9460
  933.8579
  350.7044
  292.2087
  154.1896
  468.2813
  405.2729
  424.2260
  968.6074
  387.3825
  738.3044
  684.0267
  440.0153
  340.4093
  258.9169
  617.6789
  332.6075
  134.7759
  179.0736
  690.5694
  402.9610
  566.6862
  295.8283
  987.3450
  307.1609
  455.8699
  808.8965
  126.0905
  204.0367
  248.2240
  904.2132
  111.6405
  343.1582
  464.4234
  568.2256
  168.3102
  791.2285
  181.7212
  189.8336
  537.2388
  374.8865
  719.7202
  339.0298
   76.2954
  299.2778
  962.4431
  781.9531
  288.0919
  962.4410
  745.5134
  848.1503
  864.0607
  270.4992
  283.8929
  390.0893
  230.7663
  489.7711
  586.0236
  300.6427
  904.0983
  183.3951
  325.9911
  936.3518
  266.0224
   41.8911
   64.8196
  423.2676
  858.6211
  847.3616
  608.5703
  244.8723
  572.1125
  496.2509
  491.8301
  191.7241
  307.7197
  845.1417
  298.7184
  564.3118
  391.3550
  504.6458
  583.1733
  396.5790
  307.3912
  324.6164
  831.4070
  460.1686
   54.5495
  814.5562
  247.1173
  300.4169
  107.7301
  622.3495
  829.9327
  682.2591
  731.1020
  633.5421
  944.6540
  799.5973
  833.8563
  625.5560
  721.8342
  867.6078
  887.8124
  464.3090
  642.6725
  400.1422
  191.3876
  655.1635
  335.3443
  132.7899
  799.7808
  917.9702
  327.1162
  844.3356
  749.1445
  874.7578
   53.9877
  373.4503
  582.5243
  488.1465
  280.5881
  848.5145
  984.2816
  820.8273
  645.8495
  793.2534
  210.4225
  573.4797
  475.9033
  509.2337
  693.4626
   28.0211
  950.5883
  539.3088
  166.6823
  432.3235
   63.4243
  974.4556
  676.9695
  828.9788
  647.4607
  874.6119
  604.1384
  757.3168
  226.5441
  530.6013
  816.0973
  149.2140
  843.2910
  192.8296
  888.4125
  549.5014
  472.6162
  263.6132
  548.4364
  574.3358
  865.1528
  625.0021
  414.6376
  814.5702
  482.6047
  140.9242
  516.2697
  946.1689
  263.3393
  945.2167
  256.5594
  994.0081
  294.2090
  774.1432
   27.8659
  344.7752
  638.1333
  107.8415
  494.9491
  613.4262
  856.4901
   30.8671
  784.9033
  871.2482
   70.8296
  436.9321
  517.9877
  821.6600
  642.6847
  604.3243
  880.7426
  642.4143
   58.6359
  497.2465
  225.9929
  264.9627
  228.7147
    8.2674
  952.1067
   60.4572
  107.7187
  428.3650
  534.3158
  248.7433
  628.9323
  464.7956
  822.2616
  751.7397
  492.9841
  584.8410
  423.7154
  385.1151
  633.6143
  157.2402
  738.3411
  300.0560
   42.3956
  546.5298
  528.1007
  792.4702
   48.0816
  110.6074
  978.6677
  469.2657
  950.1863
  782.2094
  597.3065
  931.6680
  547.1249
  528.0876
  570.5145
  636.4100
  143.6698
  660.9263
  190.4128
  267.6620
  596.8938
  993.9360
   85.5985
  656.5959
  409.1699
  922.2026
  459.1942
  678.6154
  488.9565
  892.9298
  471.1297
  276.3326
  326.0806
  439.7426
  754.3602
  535.0475
  544.6110
  280.2038
  385.6006
  788.8241
  768.6279
  329.3588
  534.5724
  560.8223
  740.9899
  817.9548
  368.1471
  451.0023
  997.9567
  662.9474
  159.0388
  967.2463
  509.1050
  529.8707
  538.0266
  614.8727
  168.9887
  196.6670
  384.2223
  626.3165
  502.3420
  864.8724
  912.5888
  881.6407
  737.9701
   65.1710
  331.9337
  810.9977
  441.8538
  240.0186
  993.3343
  970.0554
  723.1097
  308.2595
  919.9421
  468.6751
   25.0821
  557.7224
  640.7010
  263.0677
  381.7937
  808.4354
  375.9265
  199.3368
  255.0514
  648.6242
  428.8189
  162.4274
  921.6371
  957.1054
   71.5773
    0.0155
  263.9599
  374.9807
  300.7016
  892.9991
  640.6161
  836.4773
  673.7709
   70.3056
  629.8795
  387.3012
  374.5673
  355.9806
  968.2281
   13.5717
  100.5650
  198.4205
  855.2766
  636.7261
  459.6529
  388.1447
  549.4604
  783.2697
  415.2336
  831.6577
  670.7161
  726.8815
  699.8704
  724.8414
  410.3083
   55.1786
  390.6498
  653.2843
  752.1172
  835.6538
  833.7214
  355.7446
    0.9789
  456.4595
  717.9017
  777.3474
  880.4946
  473.5031
  167.3369
  432.2465
  766.9706
  476.7740
  144.1374
  517.3254
  689.0490
  847.4784
  569.3734
  459.2383
  418.3245
  783.0029
  929.9569
  788.3482
  771.7767
  253.5765
  861.6440
  653.0750
  234.8452
   43.6709
  979.0576
   24.0064
  478.5118
  351.6543
  255.7950
  148.3455
  244.8583
  335.0596
  348.1858
  962.2261
  137.8782
  320.8656
  790.3471
  364.3379
  430.9027
  182.5185
  591.5206
  688.7484
  794.0855
  198.0228
  169.9607
  531.9431
  371.0127
  610.8551
  644.1939
  970.4714
  715.8847
  875.0498
  963.6648
  316.3972
  691.2703
  182.1554
  487.7977
  420.0778
  248.1482
  629.3366
  263.6409
   14.1995
  651.1838
  449.0874
  811.6534
  458.4703
  513.6669
  201.8049
  737.9546
  803.9739
  389.7922
  238.9748
  452.3511
  666.2371
  449.4498
  903.0340
  292.0489
  470.0112
  479.2330
  470.3410
   23.0808
  920.2612
  831.0842
   34.4598
  167.5413
  868.8912
  456.6600
   85.4084
  462.2164
  471.7126
   76.3166
  655.9489
  534.0621
  983.3014
  350.5540
  763.7515
  372.5121
  812.4449
  765.8026
  845.6025
   43.2396
  730.2666
  593.0905
   73.4894
  140.8167
  707.7365
  931.0093
  474.2758
  155.4315
  337.8036
  467.3128
  130.2049
  357.6398
  855.8123
  640.9952
  211.0627
  333.7514
  360.8389
  620.9812
  834.9407
  850.7907
  242.9318
  958.9822
  615.4220
  399.0018
   24.0381
    9.7423
  742.1000
  478.2495
  943.3501
  886.6322
  627.7499
  595.6006
  262.6131
  740.0172
  470.5634
  760.8607
  789.4249
  865.7007
  833.6649
  406.9226
  148.7713
  400.8286
  727.8082
  274.0869
  582.4993
   66.5009
  682.2520
  611.7811
  208.4241
  985.9116
  219.6860
  264.5547
  373.8012
  479.6152
  896.1346
  334.8091
  136.4174
  769.9993
  378.1335
  293.7209
  568.7664
  259.2563
  323.6422
  456.2712
  551.4233
  772.1047
  767.5824
  757.9780
  337.9850
  516.0906
  938.6518
  922.1115
  932.0035
  183.8636
  200.0153
  658.0870
  469.0244
  894.4678
  321.9402
  852.0811
  929.5037
  171.4909
  250.2222
  485.8565
  793.7522
  594.6085
  585.9351
  811.8324
  470.6600
  382.9541
  311.3954
  624.7787
  660.0073
  744.5486
  629.7297
  867.9852
  229.0263
  247.1607
   32.1119
  707.0813
  919.5268
  489.4164
  624.0521
  444.3910
  881.7565
  685.8986
  899.8754
  207.3908
  618.2825
  477.8750
  648.7813
   68.9976
  646.0309
  843.4477
  827.2090
  902.5147
  567.7683
  482.9721
  314.0278
  867.4321
  933.2876
  765.4448
  833.0960
  847.4898
  764.3595
  591.6920
  569.3217
  592.3896
  292.9099
  937.5165
  841.3451
  489.1324
  852.2990
  591.8846
  805.6038
  783.1645
  649.6906
  353.5681
  421.6874
  302.2711
  271.5499
  940.9568
  662.3812
  642.5650
  593.7536
  217.5820
  901.9583
  215.6951
  192.2572
  267.9029
  644.1910
  919.5452
  799.4971
  151.2182
  527.2565
  599.9835
  923.8448
   62.8376
  115.0851
  238.3649
  201.4744
  181.3185
  421.3078
  922.6923
  690.4607
  574.2280
   52.4952
  289.4282
  421.5693
  316.1654
  795.5151
  222.7380
  559.7529
  767.9598
  102.0799
  658.2806
  723.8939
  487.4897
  241.3614
  562.1960
  832.0349
   12.6970
  400.4366
  138.6313
  979.4936
  349.6368
  347.4319
  289.7301
  493.6278
  405.1409
  203.4860
  989.6841
  621.6042
  304.7209
  447.6438
  551.9357
  383.5137
  716.6407
  583.2264
  288.6913
   36.7861
  264.0829
  442.6448
  532.0268
  774.2805
  336.2691
  678.4634
  939.1253
  881.5527
  257.1585
   63.3521
  760.1318
  536.8369
  618.3975
  410.2917
  775.5895
  334.7061
  408.7543
  934.8044
  258.8644
  735.7490
  733.8751
  237.8337
  271.6575
  748.8873
  549.1312
  250.0188
   67.4784
  113.2603
  568.7961
  757.2639
  336.1773
  134.1331
  376.6177
  816.9558
  578.5267
  300.9970
  857.6489
  504.9870
  317.0063
  926.3065
  434.5908
  170.7675
   92.5524
  528.8481
  351.7268
  472.0755
  172.9252
  356.7701
  234.7615
  639.0176
  971.4551
  247.5948
  328.7847
  886.1852
  117.9104
  721.7612
  642.0688
  254.0293
  471.3011
  159.8647
  845.6686
  153.4414
  891.6660
  230.4652
  429.3034
  304.5125
  944.1541
  397.9976
  149.8225
   67.7850
  263.8645
  771.0132
  420.2483
  115.8474
   47.9791
  387.7730
  302.2881
  558.4803
  379.3456
  664.7036
  673.7018
  906.2116
  699.2712
  651.6781
  753.9451
  557.0879
  978.8537
  597.3558
  762.5780
  651.0165
  633.9345
  537.7205
  468.4715
  602.5638
  293.7405
  899.6732
  808.4769
   72.2699
  642.4990
  482.9883
  585.4619
  861.0005
  837.0719
  669.3201
  266.4240
  789.9902
  365.7391
  977.8025
  927.2690
  611.4066
  911.9613
  336.1325
  381.4790
  519.0699
    8.7256
  653.9898
  608.5422
  771.6589
  271.2901
  576.0498
  670.2535
  953.4812
  159.4775
  339.4668
  422.4777
  586.4294
  120.0948
  435.0324
  591.6526
  907.8917
  939.3003
  820.3151
   38.9173
   83.8096
  591.4183
  970.6490
  698.0679
  428.4573
   82.4499
  738.6157
  917.7156
   47.3914
  509.4941
   68.3873
  388.5174
  814.4846
   45.7540
  986.8612
  179.5626
  909.7989
  993.4556
    9.2394
  288.4238
  541.7733
  587.7652
  570.6847
  497.9575
  173.6109
  879.2751
  979.4977
  419.9097
  425.2317
  869.9178
  713.1624
  122.1654
  238.0199
  403.2931
  147.8970
  707.1490
   55.1565
   17.0894
  223.1185
  954.4835
    6.2068
  320.7123
  214.8221
  514.4024
  564.6586
  221.1547
  950.7313
  942.8339
  210.6478
  360.4016
  270.8387
  989.6684
  356.8461
  512.8858
   75.1994
  876.6227
  400.6393
  546.3264
  110.9045
  974.1843
  118.6729
  538.1060
  950.8653
  195.5760
   47.5869
  796.3422
  124.8116
  711.2851
  569.0386
  835.2170
  495.3027
  554.0788
  403.8069
  784.3110
  919.4405
   39.4094
  354.9671
  935.1373
  854.5148
  834.2888
  893.5060
  157.2554
  994.4589
  874.1729
  226.5647
  872.0970
  335.9451
  231.8428
  583.1473
  958.4668
  953.5486
  294.2853
   55.6722
  682.9855
  938.2579
  303.9851
   79.1316
  966.9144
  934.1083
  559.5536
  420.8407
   73.1492
  418.9267
  904.6741
  857.5311
  528.2261
  897.0905
  400.8424
  960.2201
  420.2437
   38.1472
  140.8184
  738.1342
  823.7784
  245.3473
  552.5439
  605.7537
  904.7925
  851.4943
   68.2001
  243.0527
  988.2033
  733.1317
  746.9404
  830.2431
  899.0586
  479.9314
  206.3417
  987.1397
  858.7375
  801.8096
   14.2522
  539.5629
  434.9573
  327.3809
  293.5951
  455.5528
  478.0042
  819.3857
  416.8503
