3000
  438.0551
  850.8778
  369.4275
  398.8830
  237.6919
  779.9878
  979.8472
  308.9261
  817.9976
  834.0522
  504.5976
  684.2640
  615.7375
  743.5747
  815.2554
  492.5651
  445.5201
  635.6281
  669.6752
   36.4961
  941.0233
  479.9539
  710.8575
  312.4974
   17.7042
  275.7818
  207.8000
  123.9642
  477.7384
  661.5662
  464.4999
  871.2954
  216.5854
  337.4728
  765.9553
  207.5389
  535.8912
  641.3107
  759.5784
  585.4014
   62.2274
  266.8753
  876.5474
    3.8693
  660.7994
  415.2418
   36.5508
  349.6568
  556.7437
  658.7554
  394.0985
  153.5832
  446.8322
  296.4729
  526.2989
  937.7817
  382.2367
   65.9699
  138.3689
  974.5446
  810.7746
  932.3326
  837.8712
  485.8400
  365.7965
  446.5650
  597.8965
  495.5465
  644.7801
  452.2057
  299.4293
  169.4649
   85.6191
  522.7479
  134.9049
  296.9225
  799.5789
   69.3192
  259.9659
  810.7547
  662.8087
  176.7941
  493.2328
  363.1909
  530.4991
  760.7453
  616.2644
  600.1566
   74.8428
  715.7686
   47.3422
  473.1347
  389.5031
  163.3847
  592.8312
  417.7411
  162.8331
  628.2834
  457.0073
  671.3182
  895.9340
   59.3985
  742.8581
  974.9108
  121.9316
  623.4077
  335.9396
  701.0764
  309.5721
  354.7681
  538.8620
  322.1816
  211.3516
  637.8086
  142.8121
  114.1401
  917.0081
  914.1282
  878.2087
  894.1129
  558.8056
  538.2405
  511.8576
  850.4031
  193.8148
  701.0093
  249.4617
  464.1301
  437.5558
  911.1357
  221.8933
  709.5580
  100.6369
  144.9140
  911.1036
  997.7803
  749.0405
  160.3008
  334.2159
  183.5394
    3.6746
  337.4878
  757.8646
  823.2637
  449.0134
  731.0957
  900.7677
   16.5893
  984.2126
  434.2150
  937.3619
  745.8021
  421.6501
  310.9945
   56.2541
  602.4071
  635.4058
  452.8176
  889.2044
  242.9066
  257.9455
   50.6009
   75.9467
  471.9324
  167.5530
  524.6456
  280.8623
  778.8063
  268.2982
  997.0479
  731.6843
  789.9626
  398.1624
  643.0709
   92.6292
  218.5655
  903.2640
  886.7482
  451.5478
  645.6649
  945.2997
  198.0102
  453.6344
  518.6578
  932.3947
  122.7136
  635.7747
  235.2560
  939.5990
  285.4628
  160.2843
   96.3578
  912.6938
  141.6273
   67.1609
  601.3256
  401.9838
  195.1297
  338.4388
  873.1588
  651.8339
  498.5592
  555.4179
  781.6100
  993.1688
  930.0406
  474.2531
  847.9045
  835.7314
  966.1747
  461.1638
  962.1327
  332.4692
  484.4242
  881.6548
  646.3379
  356.6827
  926.5079
   58.3860
   19.6410
   24.9145
  347.0793
  255.0656
  840.7032
   70.8660
  555.3868
  128.7685
  732.8450
  757.2217
  817.0054
  744.9387
  523.7813
  968.9255
   53.4004
  864.1899
  560.2252
  467.4132
  788.2978
  274.1544
  806.6846
  609.4173
  816.4272
   24.4064
  405.7781
  114.8373
  317.0656
  681.0107
  301.7768
    3.4283
  379.1940
  107.4116
  967.1426
  744.6479
  221.6685
  637.6580
  526.6019
  123.5160
  685.6386
  604.6474
  389.7400
  433.5059
  948.6336
  872.0742
  359.6058
  327.5777
  281.0115
  609.0867
  905.0084
  713.9427
  782.5030
  550.2374
  594.0878
   37.1833
  986.1882
  310.6774
  342.1551
  908.5716
   73.3072
   98.7622
  236.1366
  101.6098
  170.6032
  252.6740
  865.2318
  479.7128
  447.6590
  425.0969
    0.6629
  837.1383
  615.0525
  448.4404
  557.3988
  345.0890
  968.3527
  393.1544
  564.9375
  492.4376
  940.3794
  198.3517
  671.1201
  768.6407
  985.1207
  320.1652
  191.6624
  903.8890
  526.2675
  139.8846
  168.3709
  862.2665
  110.6007
  771.2999
  546.4462
  730.8411
  672.0200
  962.8404
  832.8775
  197.0068
  557.8671
  450.4139
  682.9969
  573.8388
  436.8430
  390.3345
  553.5864
  100.9218
  248.8485
  738.8273
  591.2960
  465.1820
  181.7671
  341.6575
  724.1217
  808.2638
  968.8528
  452.5605
  299.8482
  979.5659
  422.4632
  344.8408
    8.5696
  925.5652
  786.0200
  517.6158
  755.7180
  154.3574
  357.8509
  756.6678
  483.6761
  212.5576
  423.0840
  160.9218
  600.8483
  458.1075
  592.0684
  490.4437
  438.0892
  269.4650
  772.1132
  352.1480
  108.0037
  438.5079
  408.0990
  873.9977
  509.7708
  519.7623
  853.1865
  891.9535
   84.9756
  966.0096
  833.6347
  901.6171
  554.7776
  334.0366
  870.0059
  821.0591
  214.3297
   28.0443
   79.6273
  255.8423
  408.4148
   23.7075
  306.5169
  630.0314
  343.3477
  995.0754
  207.9422
  622.7422
  829.9288
  823.1343
  998.4711
  802.5396
  512.8101
  659.8600
  637.6059
  384.3975
  283.5828
  267.6430
  624.7852
   58.2984
  414.2802
  944.1731
  932.8427
  934.2923
  233.7773
  268.3165
  980.2918
  621.6462
  456.4630
   84.1463
  896.4433
  627.1090
  313.9854
  699.5944
  661.3104
   85.9224
  227.4222
  770.1401
   47.5134
  558.4917
  625.3101
  782.8881
  428.1479
  943.2192
  948.8398
  866.0275
  884.3300
  599.6363
  649.5743
  611.1324
  576.4468
  386.8783
  181.4700
   14.7440
  774.4049
  825.5445
  505.6707
  770.5184
  286.9850
  165.9958
  770.3846
   13.2856
  790.9280
  926.3861
  780.5603
  444.1863
  328.3741
  485.3877
  589.9044
  984.8403
  306.0620
  443.1096
  734.4672
  208.4642
  918.8583
  421.6600
  399.1561
   74.7432
  698.0923
  598.1779
  682.6011
  847.8982
  334.3575
   99.4190
  950.3846
  949.2880
  234.7221
  789.5320
  724.7988
  125.9232
  364.7811
  786.9583
  866.3625
  393.4247
  224.8579
  982.5603
  223.9466
   71.1285
  416.7438
  786.1711
  745.8774
  708.8644
  114.5664
  585.4224
  580.5719
  804.7745
  447.8914
  977.6567
   55.2255
  644.4177
  630.5229
   54.5044
  533.7060
  386.0849
  568.3672
  422.2314
  769.2870
  794.3427
  699.7224
  388.5063
  618.6791
   42.9560
  693.2878
  610.0119
  151.0034
  639.4050
  113.5065
  583.6576
  275.0312
  254.6595
  773.7028
  696.1205
  778.2971
  853.0745
  235.5894
  603.2505
  728.8674
  539.9650
  632.1671
   88.5682
  780.5759
  638.1413
   18.7570
  839.0478
   42.8900
  871.4254
  105.0124
  592.2044
  633.3245
  495.8430
  796.7788
  599.6034
   65.6281
   89.4560
  931.4349
  308.4935
  741.8019
   71.6957
  422.8361
  853.0852
  413.2309
  545.8546
  576.8887
  802.4746
  948.9274
  993.4296
   61.9388
   94.2681
  639.1933
  795.6489
  944.7435
  646.3051
  115.9347
  653.0870
  103.3973
  423.9162
  508.7206
  121.1819
  788.0146
  116.4663
  697.7001
  736.2622
   93.9491
  163.2604
  476.7285
  968.2496
  716.9467
  154.7360
  980.6907
  327.9837
  218.6316
  828.6402
  315.8634
  268.4556
  205.6140
  109.6046
  145.6315
  300.6896
  653.4506
  126.0858
  160.0636
  694.8208
  191.2484
  475.6342
  897.1372
  401.4466
  122.3444
  669.6083
  389.1924
   41.6767
   55.9796
  876.5370
  969.0919
  301.8506
  314.3914
   69.6998
  712.8101
  340.0328
  366.8530
  739.1820
  830.3796
  466.2392
  621.6785
  381.9792
   10.3499
  533.5421
  173.6261
  138.5319
  406.0556
  955.7847
  172.2487
  964.4996
    7.4645
  377.9590
  434.7150
  628.3691
  182.0948
  454.0333
  647.0975
  692.9131
  333.2522
  831.1706
  832.0242
  792.7905
  827.8607
  422.3551
  238.8051
  164.9286
   92.1043
   26.5709
  480.0172
  854.5441
  162.2745
  232.8884
  748.0859
  741.2460
  541.1669
  737.3051
  530.5328
  866.5405
  182.7440
  555.7311
  701.8314
  583.8515
   96.5331
  122.8255
  182.2948
  513.0176
  808.1102
  682.6832
   53.1263
  641.1880
  567.4046
  894.8449
  945.0577
  890.0479
  358.5841
  650.6027
   93.7513
  982.6980
  669.2393
  552.2250
   67.6548
  167.0820
  569.7623
   94.7277
  338.8574
    4.5507
  488.4594
   31.1784
  764.1213
  910.2054
  639.7267
  139.9771
   60.3365
  628.4479
  219.2839
  328.4697
  272.3276
   44.4569
  525.8311
   62.5893
  640.9153
  323.2137
  286.8110
   23.6470
  927.4445
  730.1213
   91.4558
  974.3297
  848.7009
   33.8669
  591.2379
  106.8100
  462.8225
  422.0678
  965.6542
  758.2100
  407.8101
  156.9975
  300.2285
  378.5869
  860.7952
  480.1576
  895.6169
  592.0620
  843.3378
  618.9815
  186.5445
  508.9442
  525.2425
  123.2049
  281.1296
  620.7000
  549.2832
  771.8181
  325.2964
  513.7559
  658.7734
  302.1295
  382.0909
  977.6407
  469.6657
  909.6169
  961.1829
  137.7955
  884.8512
   55.5076
  847.5740
   24.7381
  861.9443
  228.9540
   25.0112
  937.5689
  806.3591
  760.9048
  753.2570
  296.4706
  556.5217
  322.8997
  177.2671
  567.2413
  846.7678
  878.8613
  841.1967
  441.3143
  227.5781
  938.4657
    3.6781
   28.4259
  950.4622
  586.4045
  282.2741
  994.4792
  802.2608
  679.9624
  265.2150
  904.8545
  159.7019
  209.1921
  740.0818
  955.5967
  673.3647
  358.2606
  656.9618
  633.5314
  434.3733
  494.0299
   80.9545
   55.5657
  323.5990
  332.6678
  663.3778
  744.9566
   96.9265
  237.2845
  586.1422
  765.0092
  858.3503
  845.0095
  680.8301
  128.9672
  790.9213
  132.8107
  379.1913
  321.4937
  382.0519
  194.0020
   43.5248
  454.7691
  722.2197
  271.1451
  947.3211
  445.1562
  806.8553
  644.0718
  930.2524
  911.3939
  154.3093
  668.0852
  635.3445
  396.4829
  279.8010
   20.8700
  903.3289
  768.1888
  663.2936
  496.0791
  912.3870
  342.0286
  747.1042
  642.7972
  156.8980
  526.6188
  596.0057
  119.2962
  705.6833
  682.6804
   95.0380
   13.3558
  111.0066
  599.7010
  651.2629
  188.5404
  374.9798
  425.9814
  732.2085
  805.0277
   24.7056
  781.3816
  716.7297
  343.5054
  740.9188
  522.8680
  386.3115
  166.0949
  622.5178
  835.1826
  301.9906
  717.9606
  319.1388
  326.2689
  320.7313
  154.3304
  703.0768
  232.0745
  434.4807
  481.4961
  449.0603
  263.1874
  236.1223
  835.2354
  258.2336
  606.8344
  113.6837
  925.1578
  805.3522
   54.4771
  975.4119
  779.4491
  269.5720
  397.7227
  797.7203
  765.8574
  866.2609
  291.3427
   25.9885
  668.5501
  123.7370
  216.2232
  434.8968
  876.5694
  874.2395
  120.9936
    1.2244
  597.6699
  117.3685
  904.4180
  823.2268
  829.2092
  811.0172
  754.6617
  138.4208
  386.5894
  988.4230
  432.3984
  218.1374
  560.4481
  634.2935
  350.7044
  787.7920
  530.2522
  557.3695
  534.5103
  809.8008
   45.7484
  762.0253
  717.5789
  365.7241
  899.3513
  695.8192
  361.2897
  716.5503
  814.3051
  380.6723
  712.4095
  846.2776
  318.7840
  830.7300
  826.2246
  311.9129
  990.5676
  996.1868
  979.5220
  171.2623
  895.7726
  471.0523
  458.0784
  904.6956
  652.2782
  703.8531
  890.9997
  637.2184
  442.2783
  804.6954
  447.9847
  971.5413
  808.7125
  450.7013
  641.8662
   95.7966
  352.4316
  813.6401
  535.9752
  309.2181
  196.7490
  190.0197
  152.2366
  473.3694
  482.0329
  713.0286
   56.5890
  701.8620
  149.7204
  931.8730
  786.5411
  529.7302
  373.1814
  517.7905
  812.8227
  121.2419
  610.4248
  489.3786
  277.0298
  850.4687
  824.7335
  421.9275
  739.4950
  293.1091
  343.3955
  983.1989
  309.0543
  781.5651
  393.0158
  247.6458
  131.1825
  929.6104
  773.2480
  234.1597
  975.4063
  408.9349
  793.9877
  853.2171
  438.8352
  368.8369
  668.8501
  946.5001
   35.1194
  863.5980
   57.3036
   11.4116
  488.0527
  162.6240
  952.8896
  524.8771
  229.9156
  360.8562
  156.4341
  378.7270
  958.3975
  759.9748
  901.3591
  502.2966
  742.7535
  687.8584
   21.6056
  826.0665
  917.1008
  355.7162
  378.2275
  471.4904
  464.0190
  629.2247
  460.7763
  213.1436
  264.6681
  784.4731
  810.3440
  259.3189
  610.6332
  418.5095
  507.6252
  843.3499
  579.2849
  673.5416
  442.1042
  575.4244
  283.0570
  140.2221
  836.5526
   77.2584
  809.1490
  622.0035
  926.8242
  777.9907
  918.6766
  561.4103
  697.4202
  217.9810
  636.9745
  707.2362
  232.8058
  568.9706
  793.6948
  684.4554
  704.1530
  679.4089
  521.5225
  956.0837
  699.9399
  758.9084
  538.2406
  987.2564
  950.8411
   40.5651
  112.1718
  441.1443
  223.0954
  690.4105
  172.2926
  519.3936
  328.5599
  870.0394
  951.8520
  320.1563
  119.6739
    4.7841
  867.0039
  481.6917
  390.2383
  730.3973
  461.1688
  438.0910
  231.2794
  266.2677
  223.4501
  422.8508
  286.4872
  662.6881
  774.8690
  129.5653
  996.6660
  173.0116
  387.5265
  594.0042
  611.8153
  387.3788
   35.9700
  728.3178
  210.6827
  896.4111
  147.0260
  226.2093
  710.0589
  684.3353
  510.5107
  208.0303
  360.0359
  275.9542
  958.6553
  515.4929
  154.5871
  737.5117
  947.0417
  604.4786
   22.0484
  493.2997
  615.2320
  956.1766
  619.8658
   18.9263
  862.2348
  725.1294
  860.3968
  357.2458
  285.3720
  459.3167
  885.7339
  472.9473
   92.4433
  523.6338
   97.7761
  913.4730
  550.9527
  595.2133
  766.2049
  840.0118
  528.2546
  850.4639
  647.7659
  774.8392
  755.3514
  535.6047
  645.2220
  985.3112
  275.1302
  596.9610
  817.5554
  937.4615
  694.2451
  133.3703
  159.5052
  691.8271
  700.6949
  100.5860
  932.8431
   55.2242
  979.4288
  418.8344
  332.8988
  720.0356
  393.2083
  708.9404
  481.8463
  903.6036
  146.0185
   28.1207
  889.4077
  772.7612
  733.7888
  306.4314
  335.1509
  348.1816
  928.3470
  188.9543
  117.8447
  639.6843
  657.1576
  150.0531
  992.8040
  381.8252
  586.2012
  413.8668
  906.6678
  101.0445
  634.5945
  361.9082
  172.7991
  107.6306
  519.5819
  593.4528
  602.6057
  575.7546
  663.5306
  770.5704
  731.6362
  885.2533
  778.2451
  409.1546
  173.0116
  999.6142
  108.3267
  428.4570
   56.1537
  751.5672
  875.7194
  624.5423
  584.0023
  571.2018
  936.3703
   67.7939
  657.0315
  760.6012
  292.6273
  657.2220
  971.2789
  925.4938
  875.2584
   65.8009
  511.4642
  712.7839
  249.7842
  733.8581
  517.5519
  669.9275
  235.5793
  305.1430
  341.1856
   72.5792
  109.0522
  804.3567
  211.6478
  288.6534
  867.2654
  835.7720
  880.5179
  482.0008
  793.0947
  216.5369
  914.1158
  994.7343
  525.7119
  728.7728
  508.1026
  503.1521
  890.3619
  970.6366
  269.4385
  556.1955
  709.4456
  284.0034
  418.6622
  966.2330
  927.6454
  287.2672
  675.2205
  371.7486
  999.1473
  195.9356
  643.2377
   23.2801
  260.7127
  398.9737
  245.9546
  619.8408
  595.8602
  843.4430
  346.0556
  737.6548
   77.6946
  142.8743
  807.5804
  207.0685
  954.3422
   59.0916
  404.1967
  362.8463
  366.3754
  380.9799
  556.0239
  118.0658
  278.3081
  124.0499
  595.7760
  531.9203
  914.1575
  859.2260
   47.6837
  800.3989
  642.8466
  960.8030
  879.0991
  103.7913
  349.5702
  252.0201
  414.3611
  148.8751
  403.1556
  254.6976
  147.4355
  669.8324
   70.5867
  304.7175
  673.8842
  790.6875
  418.0093
  286.7350
  212.3578
  552.0408
  124.0443
  722.9171
  117.5784
  585.0680
  853.6094
  426.2171
  136.2204
  922.4534
  500.9404
  368.3170
  186.2735
  970.2819
  643.7834
  397.6202
  747.0226
  405.6283
    5.6543
   72.1194
  999.6297
   10.9905
   83.4318
  548.6738
  384.7941
  717.1824
  267.0212
  697.1254
  593.6917
  276.8790
  853.7822
  415.8291
  618.4784
  629.4831
  322.0149
  759.7402
  575.6807
  138.1389
  662.9628
  981.3819
  619.2711
  491.0237
  567.3899
  816.6274
  762.5637
  376.5448
  588.7255
  278.2246
  676.1846
  871.6683
  102.3252
  843.7255
  682.8519
  426.6145
  399.4241
  620.8196
  400.4884
  437.2064
  249.7359
  966.2830
  653.8350
  886.3346
  184.6518
  984.2624
  708.2865
  211.4203
  331.7875
  178.5046
  375.9921
  540.3044
  440.8464
  239.5199
  728.0718
  862.5110
  885.1116
  223.8302
  302.1073
  951.5476
  534.7639
  466.8357
  198.3242
   16.1596
   44.5806
  757.8253
  942.5941
  195.7947
  726.5724
  858.1705
  357.3123
  875.0959
  725.1141
  513.6456
   75.1603
  590.4055
  504.5082
  293.1472
  253.9070
  202.7052
  725.1542
  726.0736
  663.1738
  928.3981
    7.1519
  103.5678
  107.6394
  156.3134
  512.0227
  897.7281
   92.3773
  947.9458
  242.4827
  463.9268
  914.1194
  247.2464
   89.6580
  526.2247
  861.8875
  293.3121
  422.5593
  956.7294
  836.4954
  134.9397
  167.0768
  132.3467
  677.1730
  361.1778
   99.0022
  921.5974
  765.5673
  869.1875
  327.6237
  377.6711
  366.8733
   45.7965
  300.0262
   28.3785
  303.6866
  978.4417
  843.5051
  839.1143
  371.3542
  929.0498
  239.6395
    1.5281
  676.3655
  425.7994
  298.5649
  783.5189
  730.7574
  901.3931
  411.3947
  513.1776
  858.8049
  443.3394
  698.5918
  786.2230
  348.4289
  103.5322
  322.7988
  965.2990
  493.0177
  697.6804
  998.9652
   54.5448
  448.9717
  565.5866
  414.7632
  269.4937
  748.0837
  785.4164
   12.9920
  703.7990
   28.2058
  672.1252
  798.3679
  940.9344
  737.0288
  919.3398
  842.1701
  905.8489
  956.9893
  841.9349
  596.3040
   48.1421
  857.0720
  620.4733
  965.6840
  766.8067
  316.6147
  387.3510
  478.7299
   62.3507
  686.2368
  614.7906
  927.0052
   32.3418
  387.2898
  778.5776
  325.5031
  751.4626
  881.7789
  847.5074
  459.3720
  369.6558
  172.5050
  415.2982
   33.9087
  348.7967
  730.2467
   34.8480
  510.4883
  200.5464
  922.8231
  995.1577
  840.6780
  743.2458
  253.4614
  498.6470
  883.8285
   88.6375
  137.2645
  723.0374
  969.3554
  894.8504
  549.9916
  760.9018
  345.8084
  806.7975
   95.9472
  545.5726
   91.4981
  650.4315
  630.9976
  663.8558
  603.5918
  781.5370
   53.4318
  503.7301
  457.8768
  252.5732
  488.3415
  339.2436
  398.7915
   45.7669
  550.2753
  916.5990
  381.3433
  799.1686
  419.8056
  453.3698
  261.6091
  608.2453
  445.0574
  748.5114
  116.4388
  479.7041
  451.8245
  640.5989
  714.3774
  808.3393
  607.5695
   38.3136
  474.7005
  410.7309
  577.5413
  307.0144
  701.8419
  371.9117
  935.4020
  115.7247
  444.0729
  201.3157
  812.9211
    1.3274
  869.1795
  184.2147
  462.7809
  489.3630
  663.4091
  946.9436
  924.3234
  836.9960
  431.5265
  977.1558
  636.6403
  320.8457
  168.8463
  187.1347
   68.0345
   95.8249
  517.0026
  982.2071
  967.5392
  418.5135
   20.4334
  540.1891
  289.0067
  799.4500
   67.7071
  980.0764
  661.5718
  374.4338
  189.8473
  382.7692
  448.1354
  913.9737
   11.2427
    0.0597
  755.8525
   73.5394
  710.9497
  269.7171
   93.0438
  729.9711
  142.8371
  164.2698
  778.9236
  130.7052
  144.3770
   50.3662
  277.2260
  173.0563
  971.3956
  875.6927
  915.4868
  229.3906
  777.9001
  153.8952
  399.7434
  249.5423
  980.6653
  817.7913
  761.6595
  775.8227
  881.0229
  672.7606
  628.1589
  980.3627
  950.4494
  233.1489
  514.4504
  239.7056
  272.7807
  117.1980
   39.2545
   49.7196
   96.3071
  907.9683
  161.7927
   82.7556
  276.0320
  554.9607
  735.9938
  580.7889
   55.7392
  499.0981
   54.2146
  899.1176
  962.2902
  861.1404
  158.3740
   99.6218
  723.3167
  654.1922
   85.5334
  488.5621
  893.3870
  617.8521
  695.9702
  573.0408
  477.8914
  209.6123
  339.7608
  798.4274
  107.5847
  520.0229
  439.2965
  682.2165
  625.7628
   83.2948
   39.1815
  310.2044
  958.2291
  721.2835
  196.3142
   58.6211
  390.7863
  852.0154
  331.2512
  380.6009
  985.2406
  215.2646
  282.6929
  463.5835
  314.7265
   17.8308
   69.0086
  706.5090
  988.7573
  977.2383
  415.4987
  799.5994
  600.0195
  292.9671
  273.0748
  462.6702
  897.6472
  136.2642
  458.0242
  926.2792
  156.3220
  594.5667
  227.4547
  316.6377
  213.4736
  918.5751
  749.2144
  604.2244
  638.1407
  631.5297
  783.2311
  577.0038
  405.4096
  571.1324
   87.7677
  156.6171
  632.2648
  838.6948
  863.2987
  859.4411
  588.6325
   74.8613
  724.2084
  833.7601
  732.0032
  884.8204
  629.4671
  105.0364
  405.4579
  387.3074
  352.2513
  165.6201
  194.1869
   28.7662
  355.0407
  363.3179
  824.9895
  474.1040
  304.2887
  129.4907
  200.8533
  263.9468
  618.2943
  827.4265
  475.9210
  819.9679
  978.0605
  644.5919
  739.3248
  578.0582
  684.5689
  112.7087
  333.4331
  837.7210
  798.1891
  195.6557
  383.3456
  929.2712
  378.9656
  196.7434
  612.4371
   65.3239
  405.5042
  308.6982
  727.8837
  930.0640
  682.2649
  845.1063
  405.8224
  765.8787
  739.6324
  742.1447
  137.4644
   26.6463
  836.7014
  352.1591
   90.4363
   96.2725
  519.3923
  765.6350
  361.3033
  519.0158
  865.0335
  211.4685
  260.3416
   21.3578
  426.8257
  490.0961
  309.3878
  500.1154
  837.9109
  640.2540
  704.0434
  319.5664
  972.4012
  161.4094
   45.8305
  180.8259
  535.3243
   23.1736
  799.9189
  112.3953
  281.7642
  474.1109
  325.6283
  651.6627
  714.8601
  181.9198
   54.6131
  176.5545
  431.5680
  701.4431
  577.2265
  515.5502
  212.0455
  350.1624
   57.7490
  748.4838
  819.1163
  736.6090
  227.3355
  674.9536
  558.1983
  832.4760
  890.5223
  553.7128
  535.9791
  522.6547
  100.1155
  599.4547
  523.3522
  107.6639
  335.6923
  397.8962
  800.1068
  902.9238
   36.4495
  427.5955
  602.9575
  720.4930
  734.7079
  914.5944
  967.4839
  300.8665
  919.4026
  122.9858
  406.6221
  372.9071
  979.3166
  111.7384
   88.7080
   50.0422
  320.4390
  525.3039
  427.0998
  420.4432
  177.5521
  391.4864
  806.2871
  417.8236
  671.3706
  490.4186
  832.5162
  308.4746
  577.5818
  996.6172
  825.5963
  737.4711
  205.6658
  441.4503
  611.3942
  715.1824
  260.0795
  682.9752
  269.5391
  483.3033
  198.4856
  657.6801
  297.8517
  235.4563
  125.6594
  216.5465
  789.7220
   55.5193
  878.9619
  676.8214
  115.3589
  836.3922
  326.0450
  492.7768
   13.5690
  510.2351
  714.6209
  506.8174
   16.0961
   97.3180
  346.1131
  184.5002
  227.9902
   64.3584
  812.8100
  227.0119
  886.2156
   34.4905
  581.3527
  415.6026
  419.1675
   74.4447
  496.3322
  358.8029
   74.6281
  284.4015
  926.6603
  665.0543
    0.4381
   46.5358
  551.5690
  518.7253
  136.2566
  324.1503
  365.3623
  627.4907
  674.3524
  355.5717
  390.9942
  810.8395
  824.4853
  549.2271
  901.9672
  851.8467
  611.4459
  576.1843
  904.4829
  711.3510
  298.7347
  277.4420
  810.9992
  470.9414
   20.3148
   51.9091
  894.0342
  450.0575
  421.1574
  534.2746
  782.4218
  107.1195
  576.9081
  519.9859
  805.7684
  766.5362
  903.3408
  793.7463
  149.2007
   39.3571
  233.7669
  789.3478
  415.1730
  142.4585
  744.0634
  256.6707
  314.5672
  955.3895
  612.9374
  728.0158
  922.8715
  976.0673
  499.5429
  863.9620
  398.0932
  160.6965
  282.6783
  803.3045
  627.5110
  524.1927
  887.6812
  748.2164
  945.8638
  109.3340
  323.5698
  346.9083
  321.0381
  707.2243
  299.5167
  466.1609
  568.4069
  756.9141
  112.4112
  362.4514
  473.4720
   31.7240
   38.8835
  934.4413
  160.6896
  773.2588
  413.0826
  393.3522
  125.6433
  974.8683
  412.1037
  880.7255
  814.0005
  413.6629
  695.5305
  624.2581
  488.0427
  298.1594
  832.8640
  752.8750
  854.9752
  218.0530
  952.9305
  462.7406
  163.2723
   80.8704
  395.1926
  895.1279
  159.9797
  133.9044
  811.0881
  364.7965
  592.4231
   14.9966
  214.1198
  458.4805
  823.6074
  651.3202
  893.9518
  215.8666
    8.3522
  974.0878
  366.1240
  581.8910
  550.7576
  669.4727
  507.9467
  308.9525
  410.1277
  411.7609
  419.2886
   43.1987
  247.7261
  717.4098
  831.3909
  585.8708
  714.1785
  177.9411
   78.1763
  577.9032
  976.5169
  526.3058
  851.7302
  602.1278
  462.7521
  340.4781
  945.2217
  706.8051
  788.2742
  554.3593
    3.4249
  478.2155
  765.4858
  107.7434
  195.8996
   69.1317
  358.9003
  721.9651
  356.2574
  310.7079
  314.0490
  567.6522
  268.5042
  357.7866
  517.6509
  208.2906
  633.2808
   98.2756
  454.2595
  356.2802
  483.0175
  991.9135
  705.3640
  638.2221
  457.8336
  716.0142
  848.6286
  273.3899
  641.7182
  195.6980
  453.0567
  360.5917
   10.6714
  934.2025
  951.2893
   63.7368
  753.8286
  300.3802
  776.4977
  856.9063
  504.5453
  575.1473
  395.5289
  935.5352
  507.0742
  530.4617
  893.1061
  759.2478
  150.1741
  847.0341
  823.0121
  806.9172
  232.4918
  519.1995
  151.7233
  693.8630
    2.7231
  462.0722
  337.0727
  736.1506
  939.6199
  129.3300
  103.5222
  462.9730
  462.3200
  675.5894
  626.4977
  542.7962
  414.2899
  201.6996
  126.1510
  253.7849
  289.0070
  773.4871
  179.8580
  368.4056
   60.0678
  548.7305
  148.2157
    5.3266
  627.5568
  250.5061
  504.9758
   22.7948
  628.9218
  345.5676
  324.9821
  217.8378
  378.9665
  986.4572
  807.4009
  643.9034
  541.3620
  105.9726
  818.7910
  865.7865
  773.8914
  729.8394
  402.1092
  756.7646
  268.0800
  281.6942
  281.7142
  246.4115
  482.0006
  288.4893
  782.8790
  603.7003
  173.4414
  374.7922
  678.5066
  195.7828
  125.9160
  717.9644
  615.2640
   49.5176
   58.0292
   46.3648
  492.5148
  830.9909
  567.2593
  765.6615
  125.5946
  920.7468
  947.2344
  348.9704
  205.9593
  589.9850
  516.0613
  710.0847
  916.3326
  857.8333
  832.6053
  772.8763
  631.4942
  662.0457
  416.5986
  930.6154
  946.2098
  247.1979
  271.7539
  709.7631
  899.2466
  816.6674
  528.3206
   16.4692
  383.2116
  222.2220
  993.0157
  195.7894
  690.2210
   94.0042
  808.1017
  499.6594
  693.4728
  807.0181
  747.2447
  955.6331
  983.1027
  825.7632
  580.3267
  463.6058
  405.8424
  815.3243
  228.0243
  949.4005
  789.6890
   83.7810
  837.4670
  986.9218
  539.0878
  962.5240
  382.6635
  506.7794
   49.4897
   39.2558
  941.5650
  843.7747
   57.7694
  717.6702
  111.5652
  961.6533
  304.0532
   55.9941
  904.5847
  873.4370
  607.5533
  692.9833
  267.3590
  282.2147
  556.3658
  895.8365
  533.6442
  290.1128
  157.4724
  881.6218
  894.5343
  895.5813
  732.8212
  505.9108
  568.8906
  830.2342
  344.2182
  914.1123
  484.6481
  663.6420
  609.8377
  870.2964
  362.9451
  491.0566
  883.2816
  875.6702
  163.4646
  272.5084
  461.7949
  790.3291
  309.6093
  726.9464
  307.4846
  339.2824
  489.0651
  208.1405
  861.6473
  717.9043
  596.6111
  926.1161
  751.4832
  413.8545
   51.0002
  624.6077
  162.9244
  477.0040
  215.7646
  941.1413
   70.0092
  136.4739
  259.3984
  950.6682
  666.9255
  505.0568
  609.7371
  104.2497
  119.2755
  868.9207
  351.5383
  769.0525
   99.3456
  824.8951
  775.8566
  798.5239
  718.9305
  969.4846
  286.2045
  647.6495
  866.3886
   79.7734
  804.7602
  116.6774
  132.5342
  442.9308
  220.1181
   71.8684
   24.2410
  450.4163
  238.3742
  820.3469
  656.5779
  127.6250
  855.3256
  854.4145
  682.6391
    9.1433
  633.4496
  677.7836
  202.8992
  925.3869
  113.5903
  376.7276
  690.7706
  999.0338
  471.8305
  831.8100
   20.7914
  345.1031
  148.0182
  302.0133
  251.9715
  665.6173
   37.5365
  220.8290
  669.4938
    6.5278
  270.3102
  112.3021
  225.1891
  686.9633
  866.7798
  893.9181
   67.9077
  589.5265
  393.6306
  642.9332
  251.0715
   80.0704
  465.9198
  539.5076
  277.6382
  932.3041
  318.0513
  961.4254
  756.3738
  904.3826
  592.2920
  461.2113
  291.6449
  558.4207
  682.3513
  270.4969
  922.2359
  396.8503
  724.5297
  921.9503
  490.2214
  887.6371
  549.5473
  376.1865
  742.3552
  679.4826
  445.6315
  138.9704
  887.5421
  863.3846
   73.3807
  583.2289
  551.2280
  264.5571
  169.3226
  710.5922
  436.9449
  875.9138
   11.0240
  155.2139
  388.0508
  691.8406
  616.4073
  915.9430
  415.2879
  903.4797
  317.9619
  763.2260
  108.6231
  276.0899
  163.5287
  739.3914
  502.4525
   25.2661
  811.2917
  262.7811
  408.2721
  694.0112
  925.2299
  782.3274
  160.1961
  232.6670
  857.0372
  866.5767
  328.4848
  632.5259
  287.1648
  149.1963
  156.4129
  196.0331
  977.4240
   63.9992
  156.1806
  651.8885
  491.9283
  207.6912
  750.2633
  810.5859
  749.8798
  784.1233
  967.4530
  547.6873
  509.9723
  662.6324
  636.9202
  488.8999
  757.7587
  176.2365
  809.7392
  647.3047
  339.6560
   49.6954
   46.6691
  891.6829
  842.8814
  422.3684
  362.8118
  533.7827
  418.3333
  511.6906
  513.1296
  759.5577
  503.9095
  194.0364
  887.3135
  600.4893
  148.7258
   91.9338
  193.2545
  454.6789
  796.7599
  277.0795
  689.8438
  613.2992
  622.3627
  854.2672
  973.8471
  533.3223
  150.6894
  633.1849
  848.4424
  165.4248
  237.7899
  567.8904
  984.4415
    2.5811
  555.7816
  426.1489
  506.7660
  688.3511
  661.2683
  690.2244
  915.8399
  782.0024
  856.2972
  559.2034
  926.9128
  727.7939
  869.9980
  717.9589
  391.2302
  272.9203
  464.1758
  853.5219
  269.7808
  765.9810
   73.2159
  993.1011
  538.9389
  875.3998
  564.8328
  516.4268
  640.6320
  293.1220
  158.0368
  647.6582
  171.3383
  888.6168
  512.7501
  932.5078
  501.2629
  486.4419
  800.3316
   10.4266
  194.5526
  651.1783
  109.1577
  555.9525
  626.4090
  191.8825
  174.4715
  507.6212
  982.2219
  251.8512
  132.7995
  844.5448
  200.8431
  431.2747
  760.1157
  453.6515
  680.0127
  959.4283
  984.3289
  374.1255
  557.6168
  948.7395
  362.5840
  299.6254
  314.6417
   36.5376
  544.7313
  688.4905
  902.1354
  999.0300
  231.4403
  598.0282
   23.2246
  232.1097
   90.2872
  817.8535
  918.8223
  364.7634
  987.9170
  427.8727
  869.6177
  469.4710
  915.4113
   45.7673
  497.0959
  228.7699
  676.4443
  143.3407
   60.3939
  602.6454
  567.1926
  288.9265
  333.8313
  844.3659
  172.0060
  460.9214
  713.0364
  205.9424
  481.0699
  808.1923
  575.4860
  825.0183
  749.0363
   48.1972
  774.1534
  857.2923
  327.7509
  886.6414
  972.2141
  262.8600
    7.2998
  447.1100
  659.8552
    2.5882
  351.6862
  148.0792
  558.6550
  792.6150
  526.3586
  443.6692
  430.2134
   37.5093
   28.0896
  466.4133
  294.2343
  215.9617
  366.0394
  535.0092
  863.7703
  568.4627
  928.1023
  614.1989
  344.8414
  525.9644
  441.4617
  156.3732
   27.7120
  831.3928
   12.1911
  161.6843
   35.2227
  319.2094
  285.8849
  590.3743
  518.3947
  934.7957
  734.7018
  472.4433
  527.4334
  914.4526
  993.5823
  326.6599
  461.7385
  992.3457
  214.6026
  317.3156
  877.7969
  333.1876
  241.3491
  972.2657
  912.4125
  424.6194
  998.3170
  576.5397
  498.1171
   24.3454
   66.8111
   94.3924
   86.0589
  904.4940
  112.0992
  214.7849
  713.9426
  279.6017
  192.6178
  633.4457
  823.8585
  825.4218
  488.1132
  251.9147
  903.5760
  197.2591
  598.5854
  342.8601
   59.8695
   76.9648
  577.1807
  432.8820
  758.8372
  383.6606
   42.1031
  243.8488
  387.5924
  671.2059
  971.5297
  904.8152
  987.3997
  966.3395
  406.3299
   40.6908
  964.4556
  792.9835
  904.7429
  182.2294
   44.4044
  629.8843
   24.0999
  100.8688
  125.2156
  624.8078
  137.9392
  329.0428
  318.0910
   33.5613
  203.7197
  802.1935
  683.9368
  364.8493
  357.9693
  477.8335
  992.9601
  951.3639
  604.1794
  186.3916
  788.1027
  817.0483
  994.5184
  974.1647
  279.5546
  675.0994
  217.4298
  898.3752
  458.8248
  452.1919
  310.4468
  570.9974
  849.9136
  586.6599
  672.4808
  857.9501
   31.8979
  646.2651
  547.9073
  761.8198
  482.1858
  346.5106
  350.8817
   93.9477
  341.9282
  688.5157
  448.7153
  650.3099
  739.3597
  933.9385
  178.8231
  320.0628
  714.7485
  969.9969
   50.5631
  390.7365
  940.6666
  945.4938
  533.3923
  359.9509
   13.1814
  429.8775
  542.9203
  441.0493
  997.5057
  308.6023
  877.5862
  211.7654
  791.7283
  830.0621
  212.3000
  456.3402
  458.8152
  157.2877
  741.2736
  717.1895
   43.2826
  789.6498
  992.9415
  983.2247
  236.2416
  368.5821
  526.5750
  367.5309
  364.3251
  842.9972
  555.3360
  127.3266
  162.3227
  556.2958
  181.8286
  202.4956
  235.5710
  254.6625
  713.3290
  550.6014
  292.7762
  610.6200
  716.6019
   61.2170
  436.5447
  159.7937
  525.2503
  569.3336
  526.9495
  667.3168
  291.8307
  217.8944
  621.3798
   90.6182
  932.5876
  386.4406
  831.1240
  261.2809
  497.2920
  826.3734
  328.1091
  452.0944
   60.5881
  784.8483
  562.7424
    0.7916
  518.9688
  322.0682
   36.1457
  438.5209
  150.8030
  676.3067
  877.3415
   88.0896
  109.6353
  261.1784
  500.4024
  716.4830
   70.4299
   48.7375
   34.0703
  168.7644
  327.8885
  854.0813
  961.8622
  478.9577
  824.3121
  954.1825
  992.7745
  139.1040
  437.0790
   72.4686
  762.2430
  804.2219
  672.0758
  660.2981
  720.7664
  561.7893
  501.8480
  641.1410
  486.0127
  297.4194
  327.0806
  945.2523
  118.1915
  183.3907
  244.4736
  990.7678
  440.2378
  480.7695
  100.0763
  305.4721
  757.4023
  721.8008
  596.6574
  435.2408
  797.9180
  121.4436
  375.6497
  687.0994
  356.5416
  670.2836
  887.9539
   96.9087
  122.3983
  497.6257
  913.1744
  926.8809
   25.7079
  482.0010
  345.4621
  647.8455
  620.4876
  419.2134
  397.9800
  640.6895
  103.1885
  351.9638
  948.8596
  540.7870
   13.8761
  618.5328
  497.3039
  634.5819
  419.3883
  162.0990
  911.0756
  407.3451
  358.6620
  949.3387
  276.2210
  403.3904
  979.8361
  321.8090
  171.0639
  603.9753
  780.0988
  782.7761
  890.6234
  856.9589
  551.0786
  605.7783
  136.9618
  950.8205
  535.3846
  232.8997
  499.3948
  568.4099
  981.9722
  110.1225
  163.6046
  560.3672
  995.2659
  610.3051
  640.6445
  628.9081
  127.9157
  627.0486
  358.6122
  879.7311
  281.7443
   81.4249
   24.1889
  238.4091
  109.5240
  649.2614
  569.2756
  822.7142
  963.0870
  256.6181
  743.8482
  643.4886
  785.1926
  493.1747
  903.9561
  858.4505
  249.9771
  758.3272
   60.5100
  695.6813
  516.5283
  371.8422
  794.8604
  427.8575
  731.8234
  209.8229
  714.7621
  453.4565
  636.8018
  414.1622
  134.5888
  915.1424
  326.3206
   76.4181
  573.1573
  757.1604
  887.9855
  438.6151
  949.9580
    9.6494
  587.1169
  988.0132
  484.3050
    0.6099
  176.6599
  632.3130
  758.9951
  616.2854
  935.2612
  240.4668
  521.9324
  399.6582
  330.6780
  106.7555
  348.8685
   35.9996
  173.7691
  842.0703
  136.2881
  473.6230
  447.0464
  610.1486
  184.5912
   29.2228
  547.5177
  531.3694
  749.7070
  329.1024
  549.5990
  544.7329
  793.7792
  245.1757
  671.5555
  497.2219
  456.2919
  349.0508
  577.7750
    1.0351
  867.3029
  561.4286
