1000
  676.6365
  231.0116
  613.7357
   55.8054
  924.2775
  335.4130
  289.3393
  927.9614
  250.0629
  809.0115
   55.6114
  661.8633
  939.9633
  966.3878
   79.1192
  759.9149
  891.1498
  554.3868
  583.5016
  912.4868
  167.4075
  621.6197
  564.6348
  817.5881
  204.6857
  154.3949
  916.5952
  217.8044
  640.3959
  134.0332
  697.7208
  593.7190
  636.0202
  591.9969
  695.4136
  818.2542
  400.0251
  224.9732
  128.2036
  720.1161
  993.8934
  367.5449
  327.6093
  132.0694
  689.8987
  130.6961
  611.1879
  239.5079
  412.8864
  384.4869
   72.5160
  777.4751
   26.4380
  345.7852
  613.0507
  546.5190
  346.8657
  771.9102
  495.6355
  149.5023
  687.7508
   31.3878
  538.0084
  311.9609
  130.4364
  248.2767
  789.5165
  403.1596
  905.9944
   50.0464
  132.5872
  393.5492
  384.1255
    0.7639
  840.6691
  128.2418
  362.8881
   60.8957
  477.0513
  804.2941
  772.5107
  588.9127
  857.9812
   91.5198
  174.0229
  805.7372
   26.6089
  219.7375
  130.3859
  399.3034
   96.4098
  360.2292
  374.2838
  591.2008
  315.8910
  181.7608
  855.0985
  643.8444
   94.0890
  356.8840
  152.5116
  264.0109
  232.7897
  499.9709
   14.3385
  988.3256
  789.5336
  695.3885
  395.4659
  597.1718
  669.8630
  389.4269
  101.1839
  599.6888
  970.3324
  376.7395
  860.9295
  644.9671
  964.9680
  219.3525
  660.5456
  792.9037
  333.5002
  138.3717
  616.5979
  162.7207
  848.9158
  728.5378
  536.6929
  198.1711
  664.6865
  385.7539
  367.9102
  468.2570
  996.0244
  181.7462
  610.7047
  113.3339
  806.6928
   89.2146
  429.9889
  825.4993
  170.5592
  591.4574
  625.4735
  333.2641
  170.1600
  880.3380
  840.6029
   13.8764
  223.3856
  441.4897
  119.3674
  208.4279
   49.8061
   94.1885
   26.4051
  793.4783
  991.3416
  478.9317
  407.0558
  387.9659
  545.8564
  210.9361
  204.6814
   84.0280
  260.3421
  570.3525
  917.0596
   23.8016
   35.6765
  615.5746
  963.3508
   38.0120
  871.5861
  751.0755
  327.4238
   15.5463
  290.3578
   46.5555
  459.4550
   63.4325
  113.2171
  841.9532
  711.3411
  514.2996
  837.7311
  750.5121
  858.3624
  497.9744
  455.8766
  921.1423
  641.0480
   95.5677
  208.4162
  851.9321
  424.2906
   57.0440
  742.1927
   37.2779
  533.8237
  978.0240
  651.3293
  894.8276
  370.4481
  121.6564
  679.8930
  963.4962
  483.6822
  246.5408
  613.8134
  365.7987
  982.3325
   65.4528
   65.7210
  573.6940
   76.5889
  230.9625
  789.6502
  652.8652
  706.2717
  311.1219
   30.3087
  401.4778
  640.1539
   69.7839
  861.2623
  238.6923
  705.2121
  500.0744
  752.0352
  454.9649
  594.8260
  242.8296
  237.9558
  324.2715
   33.0458
  401.3779
  961.4682
  398.0675
  320.0994
  913.2459
  927.6922
  725.2397
  105.2585
   82.9790
  629.4417
   28.8863
  493.8528
  187.2103
  444.9928
  994.8189
  921.9058
  473.8987
  817.5593
  721.5874
  721.3461
  666.8720
  121.1112
  517.1320
  440.3386
  774.6956
  311.3408
  706.7771
  803.6091
  262.6765
  803.8557
  402.1056
  192.3068
  101.8572
  916.2822
  955.8625
  181.6046
  229.7351
  161.2740
  533.1536
  711.4802
  849.9543
  185.9980
   69.2360
  651.8328
  355.7041
  321.6894
  634.1376
  953.9619
  239.1472
  348.1233
  910.9256
  929.8725
  369.1459
  235.4259
  806.8709
   81.3215
  773.3116
   51.8332
  161.1450
  366.7596
  130.9576
    7.5336
  618.9306
  368.5496
  216.3429
   76.6237
  816.0071
  633.9274
  417.5153
  179.5833
  260.4203
  886.3644
  127.6736
  814.3339
  514.0095
  959.3127
  169.4911
  637.2733
  652.5924
  121.0134
  872.5693
  273.3784
  672.7374
  700.4695
  794.4124
  690.8269
  730.4266
  282.0353
  169.0509
  239.3899
  426.8122
  434.6032
  376.7185
  509.4473
  282.9015
  729.9483
  241.9279
   83.9136
  335.8457
  559.7858
  323.9372
  415.0119
  104.7640
  770.6156
  739.2683
  882.9990
  564.6873
  702.6565
  550.0712
   49.0713
  742.7142
  799.1488
  296.8593
  315.5916
  150.8219
  865.6621
  186.2364
   74.9361
  454.0980
   27.3154
   90.8606
   94.3573
  863.6675
  661.6626
  566.3755
   76.6573
  382.5657
  785.9487
  442.3943
  321.2836
  813.5037
  560.8218
  734.4861
  510.0529
  460.1245
  312.7427
  268.3825
  707.8636
   64.9626
  830.6666
   13.7918
  800.0741
  847.8002
  979.8677
  636.7862
  467.2432
  957.6037
  445.4558
  777.2038
  467.6797
  294.1830
  335.7413
  807.1253
  357.0471
  892.3435
  618.2706
  277.1678
  362.2043
  570.5099
  563.3976
   27.6442
  618.8755
  443.3320
   82.1042
  926.6443
  114.7115
  956.6548
  500.4258
  659.1437
  231.3216
  823.8592
  602.9015
  965.7374
  149.3363
  898.0260
  123.7288
  509.7015
  555.1367
  183.1264
  808.3918
  641.9775
  717.1025
  343.5411
  897.9025
   50.0617
  388.8929
  124.5732
  702.8222
  333.9343
  434.9272
  822.6349
   27.0245
  201.5085
  755.0461
   61.9433
   82.0465
  955.6816
  142.1010
  293.5674
  989.1090
  957.3686
  497.7882
  327.6377
  609.5326
  415.7400
  344.5873
  479.7864
  770.3607
  455.9667
  435.3883
  572.2978
  613.3060
  835.9406
  657.0266
  647.6614
  249.3892
  487.6125
  305.8794
  915.3304
  959.9767
  330.9970
   69.9935
  382.3929
  878.8047
   73.2994
  946.3275
  928.7503
  506.6488
  249.9287
  552.1369
  766.7200
  266.3126
  918.7209
  943.6696
  256.4762
  598.0262
   30.4759
  208.4286
   62.4850
  185.4053
  107.0271
  806.6919
   74.2662
  192.8136
  619.3340
  148.8073
    6.0339
  413.4276
  478.0471
  538.5506
  424.2027
  577.1716
  524.9086
  138.1149
  297.6787
   86.6363
   96.7050
  322.4368
  198.8647
  322.8695
  469.5854
  322.6678
   80.7204
  671.1752
  442.5781
  412.1516
   32.1753
  770.7164
  431.0865
  275.1241
   11.5809
  643.0242
  311.0154
  237.4206
  330.3566
  306.1295
  121.6125
  944.2144
  411.4108
  583.3957
  134.1400
  493.4966
  202.2839
  788.4085
  782.0671
  203.5723
  441.4756
  881.3047
   91.9881
   47.1156
  874.4755
  312.5775
  492.9485
  988.2054
  771.9741
  568.9831
  899.4572
  179.6634
  603.7305
  900.7836
  469.5699
   64.3272
  149.8716
  895.0948
  860.3735
  298.4118
  408.3936
  874.9797
  785.6476
  380.0638
  733.7789
  622.9484
  895.9899
  902.3109
  139.5602
  591.0184
  247.9308
  974.1953
  301.9822
  416.1799
  738.7219
  698.9658
  521.8217
  258.4043
    3.8126
   80.6835
   49.4561
  212.2259
  880.9617
  324.3453
  274.1435
  532.2840
   97.8565
  677.3376
   15.8410
  242.0547
  215.8868
  413.1758
  249.9998
  747.7243
    5.3880
  557.7524
  147.4740
  597.9257
  337.6165
  321.7778
  120.0833
  244.5698
  488.0404
  496.7709
  229.6896
  396.8256
  448.1588
  206.0294
  739.6686
  613.3165
   11.7521
  521.8995
  565.6192
  365.9527
  570.8337
    5.0409
  725.5891
  976.9764
   45.4578
   11.2078
  373.0616
   48.1868
  878.8345
  574.2185
  890.9199
  691.7920
  949.6925
  484.1919
  815.8987
  810.3364
  323.6511
  605.8800
   27.7812
  923.4438
  323.5042
  136.4884
  961.7908
  820.9744
  116.5793
  352.2055
  521.4023
  209.5771
  363.3838
  391.6433
  349.4892
  867.0833
   70.8361
  543.7072
   88.0313
  545.0709
    6.4347
  147.7444
  140.9216
  472.1134
  809.9683
  138.1114
  241.1723
  383.8058
  626.2786
  868.4845
  619.4108
  437.5441
  807.4562
  919.4121
  560.6703
  188.4666
  557.5786
  225.9452
  462.3763
  160.0783
  438.0815
  839.7281
  313.0279
   62.1197
   50.0169
  636.4658
   81.6212
  807.1463
  710.2511
  192.7223
   86.4613
  157.6216
  147.6288
  198.5891
  686.9276
  192.3165
  265.6710
  133.7256
  530.8614
  187.5157
  580.7814
  196.0030
  224.0155
   28.8689
  203.0251
  243.0029
  151.2198
  555.9166
  291.3637
  950.5348
  639.6208
  108.7086
   66.9053
  478.8589
  183.9116
    4.7460
  768.0771
   75.0685
  676.9827
   47.5926
  892.4968
  198.0767
   78.2735
  544.5594
  413.4960
  627.8658
  544.2336
  935.7183
  619.9531
  556.3600
  745.9333
  904.5143
  175.3795
  607.4648
  663.9368
  790.0812
  898.5882
  574.3747
  518.8582
  450.2947
  104.7792
   25.4891
  398.8769
  925.9214
  964.8835
  800.5102
  174.9332
  104.0430
  651.0837
  765.9013
  505.7085
  444.2473
  464.3946
   83.1237
   61.5878
  106.5431
  670.5942
  678.1571
  789.9926
  408.4396
  647.9745
  509.9068
    6.5262
  690.0087
  977.4532
   56.9050
  404.9651
  249.9158
  338.4302
  995.8770
  707.3848
   18.2185
  201.4847
  356.9343
  997.7360
  950.5170
  340.7710
  338.2683
  277.6773
  923.5714
  466.9511
   48.2161
  369.4070
  625.8547
  743.7258
  799.3612
  865.6680
  283.9093
  666.5323
  408.5190
  980.9618
   25.9833
  705.0026
  980.4778
  893.3292
  185.5204
   43.9987
  488.4930
  102.2720
  889.9138
  781.2228
   14.7092
  219.2347
  678.7994
  583.4167
  487.4458
  503.8669
  493.3438
  631.3138
  493.4657
  678.1206
  176.5852
  871.2184
  569.6368
  888.5172
  308.7597
  325.8619
  761.5681
  676.9910
  190.5649
  824.8107
  596.1027
  698.8835
  136.4524
  359.9117
   38.9149
   44.8813
  322.4602
  589.7763
  372.3116
  444.2184
  979.4572
  738.6946
  244.6139
  227.0689
  347.0297
  529.0540
  811.4827
  592.8531
   84.0762
   68.6886
  450.8009
  612.7627
  702.6772
  899.7924
  815.1345
  966.5365
  580.2939
    0.8631
  506.8326
  339.4973
  935.5354
  546.1311
  826.9913
  244.4305
  147.9013
  777.3516
  949.1162
  796.8295
  314.8019
  876.6031
   70.1082
  310.9198
  631.3322
  803.1628
  759.9354
  234.7899
  115.5887
  701.9885
  322.4792
  911.2680
  681.5729
  199.6434
  409.5764
  751.2731
  650.0699
  725.8136
  751.8692
  666.8129
  126.2622
   91.1922
  669.8079
  463.1762
  603.9572
  709.8069
  727.2191
  374.1918
   41.2276
  914.6383
  325.7267
  489.7218
  756.3112
  322.0327
  405.8659
  389.6594
    7.3171
  978.2131
  831.0344
  198.9322
  456.3546
  955.9042
  885.8759
  920.6767
  817.4023
   82.5748
  836.8733
  330.2545
  589.8771
   68.5129
  497.5047
  565.3312
  523.1364
  355.2110
   32.5625
  279.6571
  200.2761
   42.2232
  649.4975
  105.8283
  659.5905
  739.2986
  391.7050
  389.3788
  292.9938
  349.9961
  386.7359
  870.8663
  652.1583
  824.5909
  902.6747
  254.3652
  117.1970
  731.0042
  991.4682
  606.7102
  980.1317
   73.7271
  133.1727
  238.0731
  295.5461
  244.9720
  247.5112
  922.0965
  678.7577
  884.1150
  322.9997
  657.1181
  186.7561
  813.1166
   52.2487
  147.5728
  256.4037
  378.7642
  889.9987
  210.8891
  417.0826
  910.2559
  674.3483
  772.9766
  418.8900
  285.0447
  747.7684
  743.6571
  648.8457
  153.1219
  523.5200
  803.8888
  960.7833
  885.7756
  232.1768
  197.2992
   12.3379
  364.1615
  462.6191
  240.2229
  427.7875
  829.1640
  762.2540
  204.3016
  699.5029
  547.3707
  661.0601
  440.2905
  961.7705
  481.2863
  981.9605
  814.4064
  729.7263
  513.1717
  877.8195
  514.1656
  584.1830
  365.1807
  595.0735
  403.0378
  859.2346
  156.1534
  473.1214
  752.3985
  563.4303
  575.3961
  685.5922
  748.6217
   87.5373
  240.0565
  630.2443
  515.2545
  884.2302
  255.9955
  517.7226
  367.2585
  515.9497
  568.3810
  782.2079
  570.9393
  780.8597
  912.7944
  335.7932
  677.6915
  962.9111
  650.3577
  565.6953
  640.8215
  287.2956
  578.3947
   80.1785
  563.3476
