 500
  676.6365
  231.0116
  613.7357
   55.8054
  924.2775
  335.4130
  289.3393
  927.9614
  250.0629
  809.0115
   55.6114
  661.8633
  939.9633
  966.3878
   79.1192
  759.9149
  891.1498
  554.3868
  583.5016
  912.4868
  167.4075
  621.6197
  564.6348
  817.5881
  204.6857
  154.3949
  916.5952
  217.8044
  640.3959
  134.0332
  697.7208
  593.7190
  636.0202
  591.9969
  695.4136
  818.2542
  400.0251
  224.9732
  128.2036
  720.1161
  993.8934
  367.5449
  327.6093
  132.0694
  689.8987
  130.6961
  611.1879
  239.5079
  412.8864
  384.4869
   72.5160
  777.4751
   26.4380
  345.7852
  613.0507
  546.5190
  346.8657
  771.9102
  495.6355
  149.5023
  687.7508
   31.3878
  538.0084
  311.9609
  130.4364
  248.2767
  789.5165
  403.1596
  905.9944
   50.0464
  132.5872
  393.5492
  384.1255
    0.7639
  840.6691
  128.2418
  362.8881
   60.8957
  477.0513
  804.2941
  772.5107
  588.9127
  857.9812
   91.5198
  174.0229
  805.7372
   26.6089
  219.7375
  130.3859
  399.3034
   96.4098
  360.2292
  374.2838
  591.2008
  315.8910
  181.7608
  855.0985
  643.8444
   94.0890
  356.8840
  152.5116
  264.0109
  232.7897
  499.9709
   14.3385
  988.3256
  789.5336
  695.3885
  395.4659
  597.1718
  669.8630
  389.4269
  101.1839
  599.6888
  970.3324
  376.7395
  860.9295
  644.9671
  964.9680
  219.3525
  660.5456
  792.9037
  333.5002
  138.3717
  616.5979
  162.7207
  848.9158
  728.5378
  536.6929
  198.1711
  664.6865
  385.7539
  367.9102
  468.2570
  996.0244
  181.7462
  610.7047
  113.3339
  806.6928
   89.2146
  429.9889
  825.4993
  170.5592
  591.4574
  625.4735
  333.2641
  170.1600
  880.3380
  840.6029
   13.8764
  223.3856
  441.4897
  119.3674
  208.4279
   49.8061
   94.1885
   26.4051
  793.4783
  991.3416
  478.9317
  407.0558
  387.9659
  545.8564
  210.9361
  204.6814
   84.0280
  260.3421
  570.3525
  917.0596
   23.8016
   35.6765
  615.5746
  963.3508
   38.0120
  871.5861
  751.0755
  327.4238
   15.5463
  290.3578
   46.5555
  459.4550
   63.4325
  113.2171
  841.9532
  711.3411
  514.2996
  837.7311
  750.5121
  858.3624
  497.9744
  455.8766
  921.1423
  641.0480
   95.5677
  208.4162
  851.9321
  424.2906
   57.0440
  742.1927
   37.2779
  533.8237
  978.0240
  651.3293
  894.8276
  370.4481
  121.6564
  679.8930
  963.4962
  483.6822
  246.5408
  613.8134
  365.7987
  982.3325
   65.4528
   65.7210
  573.6940
   76.5889
  230.9625
  789.6502
  652.8652
  706.2717
  311.1219
   30.3087
  401.4778
  640.1539
   69.7839
  861.2623
  238.6923
  705.2121
  500.0744
  752.0352
  454.9649
  594.8260
  242.8296
  237.9558
  324.2715
   33.0458
  401.3779
  961.4682
  398.0675
  320.0994
  913.2459
  927.6922
  725.2397
  105.2585
   82.9790
  629.4417
   28.8863
  493.8528
  187.2103
  444.9928
  994.8189
  921.9058
  473.8987
  817.5593
  721.5874
  721.3461
  666.8720
  121.1112
  517.1320
  440.3386
  774.6956
  311.3408
  706.7771
  803.6091
  262.6765
  803.8557
  402.1056
  192.3068
  101.8572
  916.2822
  955.8625
  181.6046
  229.7351
  161.2740
  533.1536
  711.4802
  849.9543
  185.9980
   69.2360
  651.8328
  355.7041
  321.6894
  634.1376
  953.9619
  239.1472
  348.1233
  910.9256
  929.8725
  369.1459
  235.4259
  806.8709
   81.3215
  773.3116
   51.8332
  161.1450
  366.7596
  130.9576
    7.5336
  618.9306
  368.5496
  216.3429
   76.6237
  816.0071
  633.9274
  417.5153
  179.5833
  260.4203
  886.3644
  127.6736
  814.3339
  514.0095
  959.3127
  169.4911
  637.2733
  652.5924
  121.0134
  872.5693
  273.3784
  672.7374
  700.4695
  794.4124
  690.8269
  730.4266
  282.0353
  169.0509
  239.3899
  426.8122
  434.6032
  376.7185
  509.4473
  282.9015
  729.9483
  241.9279
   83.9136
  335.8457
  559.7858
  323.9372
  415.0119
  104.7640
  770.6156
  739.2683
  882.9990
  564.6873
  702.6565
  550.0712
   49.0713
  742.7142
  799.1488
  296.8593
  315.5916
  150.8219
  865.6621
  186.2364
   74.9361
  454.0980
   27.3154
   90.8606
   94.3573
  863.6675
  661.6626
  566.3755
   76.6573
  382.5657
  785.9487
  442.3943
  321.2836
  813.5037
  560.8218
  734.4861
  510.0529
  460.1245
  312.7427
  268.3825
  707.8636
   64.9626
  830.6666
   13.7918
  800.0741
  847.8002
  979.8677
  636.7862
  467.2432
  957.6037
  445.4558
  777.2038
  467.6797
  294.1830
  335.7413
  807.1253
  357.0471
  892.3435
  618.2706
  277.1678
  362.2043
  570.5099
  563.3976
   27.6442
  618.8755
  443.3320
   82.1042
  926.6443
  114.7115
  956.6548
  500.4258
  659.1437
  231.3216
  823.8592
  602.9015
  965.7374
  149.3363
  898.0260
  123.7288
  509.7015
  555.1367
  183.1264
  808.3918
  641.9775
  717.1025
  343.5411
  897.9025
   50.0617
  388.8929
  124.5732
  702.8222
  333.9343
  434.9272
  822.6349
   27.0245
  201.5085
  755.0461
   61.9433
   82.0465
  955.6816
  142.1010
  293.5674
  989.1090
  957.3686
  497.7882
  327.6377
  609.5326
  415.7400
  344.5873
  479.7864
  770.3607
  455.9667
  435.3883
  572.2978
  613.3060
  835.9406
  657.0266
  647.6614
  249.3892
  487.6125
  305.8794
  915.3304
  959.9767
  330.9970
   69.9935
  382.3929
  878.8047
   73.2994
  946.3275
  928.7503
  506.6488
  249.9287
  552.1369
  766.7200
  266.3126
  918.7209
  943.6696
  256.4762
  598.0262
   30.4759
  208.4286
   62.4850
  185.4053
  107.0271
  806.6919
   74.2662
  192.8136
  619.3340
  148.8073
    6.0339
  413.4276
  478.0471
  538.5506
  424.2027
  577.1716
  524.9086
  138.1149
  297.6787
   86.6363
   96.7050
  322.4368
  198.8647
  322.8695
  469.5854
  322.6678
   80.7204
