 500
  361.3232
  351.7762
  499.6290
  174.4901
  402.3777
  140.1559
  400.5088
  238.9493
  733.4987
  167.1536
  449.8498
  371.1924
   78.3524
  895.4193
  675.4245
  478.2530
  658.1391
  151.2061
  704.4281
  467.8542
  825.6540
  720.5357
  616.1931
  617.1719
   98.8283
  900.9023
  864.1177
  475.3062
  496.0085
  738.1504
  434.9564
  100.0827
  602.2421
  303.2902
  720.5068
  559.9819
  459.8456
  587.3219
  124.1087
  748.0812
  523.0945
  359.3452
  427.8418
  851.9134
  435.5810
  551.7665
  955.0178
  839.1768
  108.7150
  588.9464
   18.7998
  756.7361
  305.7409
  411.6066
  712.1363
  890.5758
  374.6426
    4.7370
  986.4229
  454.8568
  602.3504
  931.9965
  571.7406
  873.5381
  986.4587
  445.4275
  283.1401
  273.4708
  670.3788
  920.9223
  483.6155
  726.4608
   10.3147
  959.1857
  862.1451
  870.2637
   30.0784
  437.8925
  409.1120
  216.4428
  831.0308
  647.7957
  638.3979
  175.2959
  645.0487
  550.2994
  204.6614
  250.0392
  313.0305
  269.9055
  433.2171
  928.6558
  276.0786
  175.1098
  835.5701
   91.6076
   71.5054
  929.5789
  169.8445
  179.8805
  599.5598
  795.3721
  605.2733
  679.0140
  329.8702
  942.1801
  514.5419
  659.7986
  156.7956
  613.9865
  959.7281
   22.8803
  190.5356
  696.0036
  640.7347
  500.2371
  465.1330
   36.4061
   69.8006
  853.4496
  290.0922
  862.6696
  289.4981
  990.8787
  876.8123
  919.6002
  825.8884
  179.9123
  922.9295
  124.8036
  390.3046
  179.3480
  255.0280
   71.8517
  243.1463
  817.0835
   99.9037
  783.5502
  898.4600
   19.2625
  612.2125
  946.9532
  842.0723
  405.0599
   86.6887
  903.7036
   32.0690
  955.4030
   11.2759
  882.2487
  732.4124
  815.3185
  290.6838
  398.3216
  708.7317
  434.2540
  879.7374
  742.9162
  407.8713
  543.0500
  611.5849
  620.2788
  772.5067
  595.8388
  167.6429
  240.0388
  299.5080
  796.7618
  339.7410
  212.9753
  772.0118
  717.9313
  356.1780
  897.5350
  706.4865
  203.7379
  303.9885
  398.9948
  932.9080
  850.2775
  183.2125
  688.0680
  718.5670
  670.2199
  287.5719
  401.5606
   19.4545
  123.3090
  207.9559
  400.7831
  184.8987
  909.5678
  922.7924
  771.8301
  582.3616
  696.8812
  227.7288
  129.2837
  812.8351
   46.5954
  642.9679
  133.0456
  350.8363
  108.7341
  448.8520
  786.8194
  368.1812
  713.1436
  239.9083
  972.9891
   77.5505
  393.5503
  689.1009
  802.3652
   89.0134
  985.1700
  697.2022
  966.7133
  943.2812
  900.5897
  364.3508
  286.2843
  338.5352
  816.5991
  919.9459
  864.8118
  755.2192
  994.8093
  325.2290
  762.7446
  852.8608
  366.3004
  560.9103
  836.1919
  836.4475
  162.0442
  624.0750
  458.1485
  456.7017
  483.2509
  277.3174
  531.0897
   35.8752
  457.1360
  996.5670
  145.7094
  718.1813
  927.5885
  492.1606
  877.5646
  145.0189
  363.7460
  349.2936
  336.1012
  712.9709
  603.3047
  255.1431
  215.5998
  772.4793
  229.9066
   92.5973
  457.9978
   12.1395
  728.1299
  401.5958
  904.8586
  105.7915
  383.0310
  110.4951
  500.4436
  467.0823
  659.1740
  318.9664
  737.7661
  815.5747
  316.0396
    4.6498
  926.5296
  733.1719
  845.4821
  800.4053
  696.5640
  585.5933
  101.3717
  600.5228
  674.9281
  270.8777
  532.2596
  369.4195
  783.9653
  466.5021
  185.8403
  299.2546
  527.6392
  433.5767
  462.5334
  899.2757
  429.6846
  657.7159
  325.4615
  561.7806
  448.9632
  964.6416
  601.8296
  251.6138
  552.0910
  753.0417
  639.4570
  610.4771
  727.4044
  677.1905
  166.4914
   71.3469
  583.1734
  398.4871
  225.4917
  441.5220
  539.0765
  297.6312
  907.9240
  975.1624
  118.5922
  287.0193
  737.7766
  696.4400
  183.3918
  563.3768
  259.7511
  459.5835
  430.4593
  162.0543
  664.8443
  207.2451
  629.5086
  945.3709
  784.0032
  357.3728
  601.3064
  851.1078
  258.5025
  594.4979
  690.3660
  211.8730
  172.4405
  138.8565
  851.1210
  260.3969
  288.5847
  774.7242
  270.2854
  980.8545
  311.3415
  463.2845
  708.0064
  812.2518
  783.5676
  361.2829
  497.2355
   68.8627
  668.9799
  935.4108
  614.6168
  207.0301
   43.8052
  584.2138
  562.0926
  603.8705
  205.9636
  939.8552
  589.6820
  971.8392
  485.9539
  498.1024
  779.7354
  422.9608
  456.0317
  761.2778
  524.3289
  476.8086
  923.0341
    5.8728
  420.7534
  242.2349
  320.2040
  127.7339
   59.1811
  537.9347
  958.4016
  838.9256
  523.0747
  610.6186
   26.7558
  138.5760
  858.0366
   90.6811
  152.5856
  463.4603
   90.0878
   10.7858
  824.7635
  682.6927
  189.9333
  542.5928
   13.4046
  417.4535
  351.0006
   43.7762
  116.3244
  468.5228
  401.2775
  253.1974
  790.8967
  435.8655
  260.4063
  948.5672
  333.4236
  349.9199
   76.0839
  227.4544
  283.3057
  631.5237
  932.4590
  408.4114
  996.1901
  542.3665
   42.9149
  752.0089
  757.5538
  829.0400
  650.8694
  451.6958
  741.3682
  508.0115
  114.4647
  683.5349
  661.2149
  887.3630
  504.2590
  160.9521
  999.6392
  796.3286
  387.5747
  872.5530
  681.8802
  606.4095
  227.4194
  878.9773
  369.3534
  135.6312
  560.4321
  356.3000
  147.8929
  832.9528
  767.8732
  790.3423
  148.7018
  880.0294
  137.4719
  187.5566
  640.6210
   23.8494
  353.9688
  429.4095
  139.7527
  952.4392
  313.7029
  914.8260
  506.6518
  279.0363
  950.7339
  216.8690
  542.5289
  237.7536
  106.4937
  749.9352
  847.4193
  335.8169
  113.0057
   75.2780
  956.7959
  647.0268
  906.9205
  434.0326
  277.7426
  958.0490
  167.1114
  164.6816
  269.8867
  594.2931
  652.2621
  949.1173
  662.4512
  422.2395
  782.7521
  581.6208
  222.1076
  328.2231
  498.7859
  851.6750
  165.6092
